1	0	0	0	0	145
2	0	0	0	0	145
3	0	0	0	0	145
4	0	0	0	0	145
5	0	0	0	0	145
6	0	0	0	0	145
7	0	0	0	0	145
8	0	0	0	0	145
9	0	0	0	0	145
10	0	0	0	0	145
11	0	0	0	0	145
12	0	0	0	0	145
13	0	0	0	0	145
14	0	0	0	0	145
15	0	0	0	0	145
16	0	0	0	0	145
17	0	0	0	0	145
18	0	0	0	0	145
19	0	0	0	0	145
20	0	0	0	0	145
21	0	0	0	0	145
22	0	0	0	0	145
23	0	0	0	0	145
24	0	0	0	0	145
25	0	0	0	0	145
26	0	0	0	0	145
27	0	0	0	0	145
28	0	0	0	0	145
29	0	0	0	0	145
30	0	0	0	0	145
31	0	0	0	0	145
32	0	0	0	0	145
33	0	0	0	0	145
34	0	0	0	0	145
35	0	0	0	0	145
36	0	0	0	0	145
37	0	0	0	0	145
38	0	0	0	0	145
39	0	0	0	0	145
40	0	0	0	0	145
41	0	0	0	0	145
42	0	0	0	0	145
43	0	0	0	0	145
44	0	0	0	0	145
45	0	0	0	0	145
46	0	0	0	0	145
47	0	0	0	0	145
48	0	0	0	0	145
49	0	0	0	0	145
50	0	0	0	0	145
51	0	0	0	0	145
52	0	0	0	0	145
53	0	0	0	0	145
54	0	0	0	0	145
55	0	0	0	0	145
56	0	0	0	0	145
57	0	0	0	0	145
58	0	0	0	0	145
59	0	0	0	0	145
60	0	0	0	0	145
61	0	0	0	0	145
62	0	0	0	0	145
63	0	0	0	0	145
64	0	0	0	0	145
65	0	0	0	0	145
66	0	0	0	0	145
67	0	0	0	0	145
68	0	0	0	0	145
69	0	0	0	0	145
70	0	0	0	0	145
71	0	0	0	0	145
72	0	0	0	0	145
73	0	0	0	0	145
74	0	0	0	0	145
75	0	0	0	0	145
76	0	0	0	0	145
77	0	0	0	0	145
78	0	0	0	0	145
79	0	0	0	0	145
80	0	0	0	0	145
81	0	0	0	0	145
82	0	0	0	0	145
83	0	0	0	0	145
84	0	0	0	0	145
85	0	0	0	0	145
86	0	0	0	0	145
87	0	0	0	0	145
88	0	0	0	0	145
89	0	0	0	0	145
90	0	0	0	0	145
91	0	0	0	0	145
92	0	0	0	0	145
93	0	0	0	0	145
94	0	0	0	0	145
95	0	0	0	0	145
96	0	0	0	0	145
97	0	0	0	0	145
98	0	0	0	0	145
99	0	0	0	0	145
100	0	0	0	0	145
101	0	0	0	0	145
102	0	0	0	0	145
103	0	0	0	0	145
104	0	0	0	0	145
105	0	0	0	0	145
106	0	0	0	0	145
107	0	0	0	0	145
108	0	0	0	0	145
109	0	0	0	0	145
110	0	0	0	0	145
111	0	0	0	0	145
112	0	0	0	0	145
113	0	0	0	0	145
114	0	0	0	0	145
115	0	0	0	0	145
116	0	0	0	0	145
117	0	0	0	0	145
118	0	0	0	0	145
119	0	0	0	0	145
120	0	0	0	0	145
121	0	0	0	0	145
122	0	0	0	0	145
123	0	0	0	0	145
124	0	0	0	0	145
125	0	0	0	0	145
126	0	0	0	0	145
127	0	0	0	0	145
128	0	0	0	0	145
129	0	0	0	0	145
130	0	0	0	0	145
131	0	0	0	0	145
132	0	0	0	0	145
133	0	0	0	0	145
134	0	0	0	0	145
135	0	0	0	0	145
136	0	0	0	0	145
137	0	0	0	0	145
138	0	0	0	0	145
139	0	0	0	0	145
140	0	0	0	0	145
141	0	0	0	0	145
142	0	0	0	0	145
143	0	0	0	0	145
144	0	0	0	0	145
145	0	0	0	0	145
146	0	0	0	0	145
147	0	0	0	0	145
148	0	0	0	0	145
149	0	0	0	0	145
150	0	0	0	0	145
151	0	0	0	0	145
152	0	0	0	0	145
153	0	0	0	0	145
154	0	0	0	0	145
155	0	0	0	0	145
156	0	0	0	0	145
157	0	0	0	0	145
158	0	0	0	0	145
159	0	0	0	0	145
160	0	0	0	0	145
161	0	0	0	0	145
162	0	0	0	0	145
163	0	0	0	0	145
164	0	0	0	0	145
165	0	0	0	0	145
166	0	0	0	0	145
167	0	0	0	0	145
168	0	0	0	0	145
169	0	0	0	0	145
170	0	0	0	0	145
171	0	0	0	0	145
172	0	0	0	0	145
173	0	0	0	0	145
174	0	0	0	0	145
175	0	0	0	0	145
176	0	0	0	0	145
177	0	0	0	0	145
178	0	0	0	0	145
179	0	0	0	0	145
180	0	0	0	0	145
181	0	0	0	0	145
182	0	0	0	0	145
183	0	0	0	0	145
184	0	0	0	0	145
185	0	0	0	0	145
186	0	0	0	0	145
187	0	0	0	0	145
188	0	0	0	0	145
189	0	0	0	0	145
190	0	0	0	0	145
191	0	0	0	0	145
192	0	0	0	0	145
193	0	0	0	0	145
194	0	0	0	0	145
195	0	0	0	0	145
196	0	0	0	0	145
197	0	0	0	0	145
198	0	0	0	0	145
199	0	0	0	0	145
200	0	0	0	0	145
201	0	0	0	0	145
202	0	0	0	0	145
203	0	0	0	0	145
204	0	0	0	0	145
205	0	0	0	0	145
206	0	0	0	0	145
207	0	0	0	0	145
208	0	0	0	0	145
209	0	0	0	0	145
210	0	0	0	0	145
211	0	0	0	0	145
212	0	0	0	0	145
213	0	0	0	0	145
214	0	0	0	0	145
215	0	0	0	0	145
216	0	0	0	0	145
217	0	0	0	0	145
218	0	0	0	0	145
219	0	0	0	0	145
220	0	0	0	0	145
221	0	0	0	0	145
222	0	0	0	0	145
223	0	0	0	0	145
224	0	0	0	0	145
225	0	0	0	0	145
226	0	0	0	0	145
227	0	0	0	0	145
228	0	0	0	0	145
229	0	0	0	0	145
230	0	0	0	0	145
231	0	0	0	0	145
232	0	0	0	0	145
233	0	0	0	0	145
234	0	0	0	0	145
235	0	0	0	0	145
236	0	0	0	0	145
237	0	0	0	0	145
238	0	0	0	0	145
239	0	0	0	0	145
240	0	0	0	0	145
241	0	0	0	0	145
242	0	0	0	0	145
243	0	0	0	0	145
244	0	0	0	0	145
245	0	0	0	0	145
246	0	0	0	0	145
247	0	0	0	0	145
248	0	0	0	0	145
249	0	0	0	0	145
250	0	0	0	0	145
251	0	0	0	0	145
252	0	0	0	0	145
253	0	0	0	0	145
254	0	0	0	0	145
255	0	0	0	0	145
256	0	0	0	0	145
257	0	0	0	0	145
258	0	0	0	0	145
259	0	0	0	0	145
260	0	0	0	0	145
261	0	0	0	0	145
262	0	0	0	0	145
263	0	0	0	0	145
264	0	0	0	0	145
265	0	0	0	0	145
266	0	0	0	0	145
267	0	0	0	0	145
268	0	0	0	0	145
269	0	0	0	0	145
270	0	0	0	0	145
271	0	0	0	0	145
272	0	0	0	0	145
273	0	0	0	0	145
274	0	0	0	0	145
275	0	0	0	0	145
276	0	0	0	0	145
277	0	0	0	0	145
278	0	0	0	0	145
279	0	0	0	0	145
280	0	0	0	0	145
281	0	0	0	0	145
282	0	0	0	0	145
283	0	0	0	0	145
284	0	0	0	0	145
285	0	0	0	0	145
286	0	0	0	0	145
287	0	0	0	0	145
288	0	0	0	0	145
289	0	0	0	0	145
290	0	0	0	0	145
291	0	0	0	0	145
292	0	0	0	0	145
293	0	0	0	0	145
294	0	0	0	0	145
295	0	0	0	0	145
296	0	0	0	0	145
297	0	0	0	0	145
298	0	0	0	0	145
299	0	0	0	0	145
300	0	0	0	0	145
301	0	0	0	0	145
302	0	0	0	0	145
303	0	0	0	0	145
304	0	0	0	0	145
305	0	0	0	0	145
306	0	0	0	0	145
307	0	0	0	0	145
308	0	0	0	0	145
309	0	0	0	0	145
310	0	0	0	0	145
311	0	0	0	0	145
312	0	0	0	0	145
313	0	0	0	0	145
314	0	0	0	0	145
315	0	0	0	0	145
316	0	0	0	0	145
317	0	0	0	0	145
318	0	0	0	0	145
319	0	0	0	0	145
320	0	0	0	0	145
321	0	0	0	0	145
322	0	0	0	0	145
323	0	0	0	0	145
324	0	0	0	0	145
325	0	0	0	0	145
326	0	0	0	0	145
327	0	0	0	0	145
328	0	0	0	0	145
329	0	0	0	0	145
330	0	0	0	0	145
331	0	0	0	0	145
332	0	0	0	0	145
333	0	0	0	0	145
334	0	0	0	0	145
335	0	0	0	0	145
336	0	0	0	0	145
337	0	0	0	0	145
338	0	0	0	0	145
339	0	0	0	0	145
340	0	0	0	0	145
341	0	0	0	0	145
342	0	0	0	0	145
343	0	0	0	0	145
344	0	0	0	0	145
345	0	0	0	0	145
346	0	0	0	0	145
347	0	0	0	0	145
348	0	0	0	0	145
349	0	0	0	0	145
350	0	0	0	0	145
351	0	0	0	0	145
352	0	0	0	0	145
353	0	0	0	0	145
354	0	0	0	0	145
355	0	0	0	0	145
356	0	0	0	0	145
357	0	0	0	0	145
358	0	0	0	0	145
359	0	0	0	0	145
360	0	0	0	0	145
361	0	0	0	0	145
362	0	0	0	0	145
363	0	0	0	0	145
364	0	0	0	0	145
365	0	0	0	0	145
366	0	0	0	0	145
367	0	0	0	0	145
368	0	0	0	0	145
369	0	0	0	0	145
370	0	0	0	0	145
371	0	0	0	0	145
372	0	0	0	0	145
373	0	0	0	0	145
374	0	0	0	0	145
375	0	0	0	0	145
376	0	0	0	0	145
377	0	0	0	0	145
378	0	0	0	0	145
379	0	0	0	0	145
380	0	0	0	0	145
381	0	0	0	0	145
382	0	0	0	0	145
383	0	0	0	0	145
384	0	0	0	0	145
385	0	0	0	0	145
386	0	0	0	0	145
387	0	0	0	0	145
388	0	0	0	0	145
389	0	0	0	0	145
390	0	0	0	0	145
391	0	0	0	0	145
392	0	0	0	0	145
393	0	0	0	0	145
394	0	0	0	0	145
395	0	0	0	0	145
396	0	0	0	0	145
397	0	0	0	0	145
398	0	0	0	0	145
399	0	0	0	0	145
400	0	0	0	0	145
401	0	0	0	0	145
402	0	0	0	0	145
403	90	51	618	355	145
404	87	44	615	357	145
405	87	42	610	357	145
406	85	40	605	359	145
407	83	43	602	361	145
408	83	49	599	361	145
409	82	49	597	362	145
410	81	59	593	363	145
411	80	55	590	364	145
412	80	58	586	366	145
413	82	55	578	366	145
414	83	49	571	366	145
415	84	41	565	366	145
416	85	43	562	366	145
417	86	43	558	366	145
418	87	43	554	367	145
419	91	42	552	370	145
420	86	41	547	372	145
421	92	40	543	372	145
422	85	38	538	373	145
423	94	37	533	371	145
424	86	42	530	371	145
425	88	47	526	370	145
426	90	47	522	370	145
427	91	50	517	371	145
428	95	49	513	372	145
429	93	49	507	374	145
430	94	43	500	376	145
431	94	41	495	377	145
432	96	41	491	376	145
433	94	40	487	377	145
434	100	41	481	376	145
435	103	41	477	377	145
436	98	41	473	379	145
437	100	39	468	381	145
438	97	39	464	380	145
439	97	39	460	379	145
440	97	38	456	376	145
441	99	39	450	375	145
442	99	41	446	375	145
443	100	44	440	375	145
444	105	47	434	376	145
445	98	45	431	377	145
446	95	50	425	380	145
447	93	56	418	385	145
448	96	56	414	385	145
449	97	57	412	386	145
450	92	53	411	387	145
451	92	61	411	387	145
452	92	53	405	386	145
453	93	49	397	385	145
454	93	47	390	385	145
455	93	47	384	386	145
456	94	47	378	386	145
457	97	47	372	387	145
458	94	56	364	390	145
459	89	49	359	391	145
460	89	51	352	391	145
461	89	63	346	391	145
462	92	58	345	388	145
463	95	55	340	386	145
464	98	51	334	383	145
465	96	47	328	379	145
466	99	41	321	376	145
467	102	37	313	373	145
468	104	39	306	371	145
469	105	38	302	370	145
470	105	43	296	370	145
471	94	47	294	371	145
472	95	52	286	371	145
473	96	60	284	371	145
474	98	58	278	369	145
475	99	54	270	367	145
476	101	69	271	365	145
477	101	71	266	364	145
478	102	69	261	362	145
479	105	69	257	359	145
480	106	71	250	357	145
481	105	73	245	357	145
482	101	71	240	357	145
483	99	71	234	358	145
484	99	82	223	358	145
485	95	90	213	361	145
486	95	84	210	360	145
487	95	69	211	360	145
488	93	71	206	361	145
489	95	69	201	358	145
490	95	73	199	356	145
491	96	71	194	354	145
492	96	73	189	353	145
493	95	73	185	352	145
494	93	71	180	352	145
495	88	82	168	353	145
496	83	87	164	354	145
497	80	76	161	357	145
498	77	79	158	360	145
499	75	74	153	362	145
500	76	65	151	361	145
501	77	63	148	360	145
502	72	63	146	358	145
503	76	63	146	356	145
504	78	58	144	354	145
505	77	70	139	354	145
506	78	71	136	354	145
507	83	71	134	354	145
508	81	68	135	356	145
509	77	61	133	357	145
510	77	62	131	357	145
511	80	62	133	356	145
512	80	64	132	355	145
513	77	71	127	355	145
514	83	64	126	354	145
515	83	65	121	355	145
516	78	63	121	355	145
517	79	67	120	358	145
518	77	67	120	359	145
519	72	64	122	361	145
520	74	67	118	362	145
521	75	64	120	361	145
522	79	66	117	360	145
523	80	64	120	358	145
524	79	62	119	357	145
525	77	57	123	355	145
526	76	63	120	356	145
527	80	57	123	356	145
528	83	59	122	357	145
529	74	60	122	358	145
530	75	57	121	358	145
531	78	54	120	356	145
532	82	54	118	353	145
533	84	52	117	351	145
534	88	58	117	349	145
535	87	53	117	346	145
536	90	52	116	344	145
537	93	49	115	341	145
538	98	49	115	340	145
539	96	50	116	340	145
540	94	49	115	340	145
541	95	49	115	341	145
542	91	49	119	342	145
543	91	64	112	342	145
544	91	73	113	342	145
545	93	86	111	342	145
546	95	90	110	341	145
547	95	89	107	340	145
548	94	91	108	340	145
549	93	92	108	341	145
550	93	95	108	341	145
551	94	90	109	340	145
552	94	90	109	340	145
553	97	92	110	338	145
554	96	92	112	340	145
555	97	91	110	339	145
556	96	89	111	340	145
557	96	91	112	341	145
558	102	87	118	336	145
559	94	94	117	340	145
560	95	96	119	340	145
561	95	96	118	341	145
562	95	92	120	341	145
563	95	89	123	341	145
564	95	94	120	341	145
565	99	86	124	341	145
566	95	94	122	341	145
567	96	101	123	341	145
568	100	96	121	341	145
569	97	91	122	342	145
570	98	91	126	342	145
571	98	99	125	343	145
572	100	97	123	342	145
573	97	95	124	344	145
574	99	99	123	344	145
575	100	85	127	345	145
576	99	85	127	344	145
577	101	88	129	342	145
578	98	86	127	345	145
579	98	98	127	345	145
580	98	87	128	345	145
581	98	87	130	345	145
582	98	91	132	345	145
583	99	89	129	344	145
584	98	84	133	345	145
585	98	83	132	345	145
586	98	85	133	346	145
587	99	84	135	345	145
588	101	81	137	343	145
589	101	87	138	345	145
590	101	84	139	345	145
591	98	84	139	344	145
592	99	89	140	346	145
593	104	86	142	344	145
594	102	86	142	344	145
595	100	88	145	345	145
596	101	91	146	345	145
597	102	87	144	345	145
598	101	84	147	346	145
599	98	83	146	346	145
600	98	85	145	347	145
601	101	81	145	345	145
602	101	86	148	346	145
603	100	87	150	347	145
604	101	81	147	347	145
605	100	81	147	348	145
606	100	81	149	348	145
607	99	81	149	349	145
608	99	81	149	349	145
609	99	81	151	349	145
610	98	81	151	350	145
611	99	77	151	349	145
612	98	77	151	350	145
613	98	75	152	350	145
614	97	69	153	351	145
615	98	67	156	350	145
616	97	63	158	351	145
617	98	59	160	351	145
618	98	53	163	351	145
619	99	53	163	351	145
620	97	50	165	352	145
621	98	53	165	352	145
622	96	49	167	353	145
623	98	56	167	353	145
624	99	56	166	354	145
625	96	56	168	354	145
626	98	57	169	353	145
627	97	57	171	352	145
628	97	53	175	351	145
629	101	45	181	350	145
630	101	39	186	349	145
631	102	34	191	349	145
632	97	32	194	349	145
633	97	30	197	350	145
634	98	33	199	350	145
635	98	48	203	350	145
636	95	50	208	353	145
637	96	57	209	352	145
638	96	53	213	352	145
639	95	59	212	353	145
640	96	56	215	352	145
641	96	47	219	352	145
642	97	42	223	351	145
643	97	35	228	351	145
644	97	28	232	351	145
645	98	29	235	350	145
646	97	31	240	351	145
647	97	31	242	351	145
648	96	46	250	352	145
649	97	53	255	351	145
650	96	57	256	352	145
651	96	58	260	352	145
652	96	63	257	351	145
653	95	59	261	351	145
654	96	50	265	350	145
655	97	44	268	349	145
656	98	37	272	349	145
657	99	29	276	348	145
658	100	29	281	347	145
659	99	34	287	348	145
660	99	36	291	348	145
661	99	45	296	348	145
662	97	50	299	350	145
663	98	56	300	349	145
664	97	55	302	350	145
665	97	59	304	350	145
666	98	55	306	350	145
667	99	49	310	349	145
668	99	44	313	348	145
669	99	39	316	348	145
670	99	34	319	348	145
671	100	33	319	347	145
672	100	38	323	347	145
673	99	41	325	347	145
674	99	45	327	347	145
675	98	43	340	348	145
676	96	52	342	348	145
677	96	57	343	348	145
678	96	56	347	348	145
679	98	48	346	347	145
680	97	49	349	346	145
681	99	48	352	344	145
682	100	41	355	343	145
683	99	35	358	344	145
684	98	28	362	344	145
685	98	27	366	344	145
686	98	29	369	344	145
687	98	32	374	344	145
688	98	35	376	344	145
689	96	38	382	346	145
690	95	52	384	347	145
691	95	58	383	346	145
692	94	60	384	347	145
693	95	47	388	346	145
694	95	47	390	346	145
695	94	48	391	346	145
696	94	42	394	346	145
697	99	37	398	345	145
698	97	27	402	345	145
699	96	29	407	345	145
700	97	34	407	345	145
701	97	31	412	344	145
702	98	31	414	344	145
703	98	45	421	345	145
704	85	32	420	346	145
705	99	48	425	346	145
706	99	53	425	345	145
707	97	49	426	345	145
708	96	50	427	345	145
709	93	46	429	345	145
710	94	43	432	344	145
711	100	40	432	343	145
712	95	34	436	343	145
713	98	35	438	343	145
714	94	31	444	343	145
715	96	34	448	342	145
716	96	37	449	343	145
717	96	39	452	343	145
718	97	41	455	343	145
719	97	42	458	343	145
720	95	42	460	345	145
721	95	43	460	345	145
722	95	47	460	345	145
723	95	45	461	345	145
724	95	35	466	345	145
725	95	42	461	345	145
726	95	37	465	345	145
727	94	35	464	346	145
728	95	29	468	345	145
729	96	29	469	344	145
730	95	27	472	345	145
731	96	27	474	344	145
732	96	26	475	344	145
733	96	31	478	344	145
734	96	31	480	344	145
735	97	35	482	343	145
736	96	32	483	344	145
737	97	33	483	343	145
738	96	31	484	342	145
739	98	29	483	343	145
740	95	32	487	343	145
741	96	33	487	342	145
742	103	40	486	341	145
743	97	37	490	341	145
744	98	38	491	341	145
745	98	39	492	341	145
746	98	39	492	341	145
747	99	40	493	340	145
748	98	41	493	341	145
749	99	41	493	340	145
750	99	40	494	340	145
751	99	40	494	340	145
752	98	39	494	341	145
753	98	38	493	341	145
754	99	37	493	340	145
755	99	38	493	340	145
756	99	37	493	340	145
757	99	35	492	340	145
758	99	34	493	340	145
759	99	36	493	340	145
760	99	33	493	340	145
761	98	31	494	341	145
762	99	29	495	340	145
763	99	30	496	340	145
764	99	29	495	340	145
765	99	29	495	340	145
766	99	28	497	340	145
767	98	29	497	341	145
768	97	29	499	341	145
769	97	35	502	341	145
770	97	38	504	341	145
771	97	41	507	341	145
772	96	41	509	342	145
773	92	45	509	345	145
774	93	53	508	343	145
775	93	50	511	343	145
776	92	52	510	344	145
777	92	47	509	344	145
778	92	41	517	344	145
779	92	52	512	344	145
780	93	45	512	343	145
781	93	40	517	343	145
782	93	34	519	343	145
783	94	33	521	342	145
784	94	31	526	342	145
785	94	27	530	342	145
786	94	28	534	342	145
787	94	28	537	342	145
788	93	30	538	343	145
789	94	33	539	342	145
790	95	34	540	341	145
791	94	45	547	342	145
792	94	43	546	342	145
793	93	49	549	343	145
794	93	50	551	343	145
795	93	48	550	343	145
796	94	48	553	342	145
797	94	38	551	342	145
798	92	43	555	342	145
799	93	40	556	342	145
800	94	31	562	342	145
801	96	33	564	342	145
802	100	33	567	342	145
803	101	38	568	342	145
804	100	37	571	343	145
805	100	37	573	344	145
806	100	37	576	344	145
807	95	37	577	345	145
808	95	37	579	346	145
809	96	42	579	346	145
810	96	37	582	346	145
811	97	37	583	345	145
812	96	35	584	346	145
813	96	34	588	347	145
814	96	34	588	347	145
815	97	34	589	346	145
816	96	31	590	347	145
817	98	33	591	347	145
818	96	32	593	347	145
819	95	32	595	348	145
820	95	35	598	348	145
821	94	39	600	349	145
822	94	43	604	349	145
823	94	44	607	350	145
824	94	46	605	350	145
825	92	42	607	352	145
826	97	54	608	351	145
827	98	55	609	350	145
828	95	40	609	350	145
829	95	31	610	350	145
830	93	37	610	352	145
831	95	36	613	351	145
832	95	38	615	351	145
833	94	39	616	352	145
834	96	39	618	351	145
835	97	39	620	351	145
836	97	42	622	352	145
837	99	41	623	354	145
838	98	42	625	353	145
839	98	42	626	354	145
840	98	41	627	355	145
841	98	42	627	355	145
842	96	41	627	357	145
843	102	41	629	356	145
844	99	40	629	357	145
845	97	37	629	356	145
846	102	37	629	357	145
847	95	35	629	357	145
848	96	33	629	357	145
849	96	34	630	358	145
850	96	33	631	358	145
851	104	33	631	357	145
852	100	31	632	359	145
853	99	35	633	359	145
854	95	36	635	359	145
855	101	36	637	360	145
856	104	40	635	361	145
857	102	38	636	361	145
858	102	38	636	362	145
859	103	36	636	361	145
860	98	37	635	363	145
861	99	35	638	363	145
862	100	36	638	363	145
863	95	29	641	363	145
864	100	33	641	363	145
865	97	32	643	363	145
866	98	34	643	363	145
867	97	35	643	364	145
868	98	37	644	364	145
869	99	40	645	364	145
870	99	38	645	365	145
871	103	38	646	366	145
872	106	39	646	366	145
873	100	42	647	366	145
874	101	40	647	367	145
875	98	41	647	368	145
876	98	41	645	369	145
877	99	43	648	369	145
878	99	36	646	370	145
879	99	37	643	370	145
880	100	35	643	370	145
881	100	34	642	370	145
882	99	31	642	371	145
883	100	33	642	371	145
884	100	33	642	372	145
885	95	33	643	372	145
886	95	31	644	373	145
887	96	32	644	373	145
888	97	31	644	373	145
889	98	32	645	373	145
890	98	32	645	374	145
891	98	29	645	375	145
892	98	30	646	375	145
893	99	30	646	375	145
894	99	30	648	375	145
895	99	31	648	375	145
896	98	34	649	376	145
897	99	34	650	376	145
898	99	37	651	376	145
899	101	37	651	375	145
900	101	37	653	376	145
901	102	41	651	376	145
902	101	36	653	377	145
903	102	37	653	377	145
904	102	38	652	377	145
905	101	37	653	378	145
906	102	35	652	377	145
907	101	35	652	378	145
908	101	35	652	378	145
909	101	34	652	378	145
910	101	33	651	378	145
911	100	35	650	379	145
912	100	33	649	379	145
913	99	31	649	380	145
914	100	30	650	379	145
915	100	32	649	379	145
916	99	29	648	380	145
917	99	31	648	380	145
918	99	29	649	380	145
919	99	30	648	380	145
920	99	27	648	380	145
921	99	29	647	380	145
922	99	26	648	380	145
923	98	27	647	381	145
924	99	27	647	380	145
925	100	26	648	380	145
926	100	26	648	380	145
927	100	27	648	380	145
928	100	29	647	380	145
929	100	31	646	380	145
930	100	32	646	380	145
931	100	32	646	380	145
932	100	32	647	380	145
933	100	32	647	380	145
934	101	31	647	379	145
935	101	32	649	379	145
936	100	32	649	380	145
937	100	33	649	380	145
938	101	34	650	379	145
939	101	33	651	379	145
940	100	33	651	380	145
941	100	35	651	380	145
942	100	35	652	380	145
943	101	35	652	379	145
944	100	36	652	380	145
945	100	35	652	380	145
946	100	34	652	380	145
947	100	33	651	380	145
948	101	32	651	379	145
949	100	31	650	380	145
950	100	31	650	380	145
951	101	29	649	379	145
952	100	29	649	380	145
953	101	28	649	379	145
954	101	27	648	379	145
955	100	28	649	380	145
956	100	28	649	380	145
957	100	27	648	380	145
958	100	27	648	380	145
959	101	27	648	379	145
960	100	28	649	380	145
961	101	27	650	379	145
962	100	29	649	380	145
963	101	28	651	379	145
964	100	29	650	380	145
965	100	30	651	380	145
966	103	29	651	380	145
967	103	30	652	379	145
968	102	30	652	379	145
969	102	30	653	379	145
970	101	29	653	379	145
971	104	30	653	379	145
972	102	29	653	379	145
973	101	31	653	379	145
974	103	29	653	379	145
975	102	30	653	379	145
976	105	31	653	378	145
977	103	29	654	377	145
978	104	29	655	377	145
979	103	29	655	377	145
980	104	27	657	377	145
981	107	28	658	376	145
982	101	28	660	376	145
983	101	30	661	375	145
984	100	32	662	375	145
985	100	33	663	375	145
986	100	37	664	375	145
987	100	39	666	375	145
988	99	40	668	376	145
989	99	41	667	376	145
990	100	39	668	375	145
991	100	39	668	375	145
992	100	38	669	375	145
993	100	39	668	374	145
994	99	37	669	373	145
995	99	33	671	372	145
996	98	35	671	372	145
997	98	34	672	371	145
998	98	29	675	370	145
999	97	32	676	371	145
1000	99	30	678	369	145
1001	99	31	678	369	145
1002	100	31	679	368	145
1003	101	30	680	367	145
1004	100	27	680	368	145
1005	101	27	680	367	145
1006	101	26	680	367	145
1007	102	24	679	366	145
1008	102	24	679	365	145
1009	103	24	679	364	145
1010	103	26	680	363	145
1011	103	28	681	363	145
1012	103	27	682	362	145
1013	102	30	684	362	145
1014	102	30	684	361	145
1015	101	31	684	361	145
1016	100	29	684	361	145
1017	100	31	685	360	145
1018	99	34	687	361	145
1019	98	36	689	361	145
1020	98	37	688	361	145
1021	98	36	689	361	145
1022	98	31	687	361	145
1023	99	37	688	360	145
1024	99	31	689	359	145
1025	97	32	691	359	145
1026	97	28	693	358	145
1027	97	32	694	358	145
1028	97	33	695	357	145
1029	98	34	696	356	145
1030	98	35	696	356	145
1031	98	36	698	356	145
1032	97	34	699	356	145
1033	97	36	698	356	145
1034	97	35	697	356	145
1035	98	29	699	355	145
1036	98	28	699	355	145
1037	99	27	699	354	145
1038	99	28	699	354	145
1039	99	29	699	354	145
1040	100	29	699	353	145
1041	100	29	699	353	145
1042	100	27	698	353	145
1043	101	32	699	352	145
1044	100	31	698	352	145
1045	100	34	697	352	145
1046	100	34	696	351	145
1047	100	34	696	351	145
1048	99	32	695	351	145
1049	100	33	693	350	145
1050	98	35	690	351	145
1051	98	38	687	350	145
1052	95	39	684	351	145
1053	99	37	684	351	145
1054	98	42	685	351	145
1055	99	45	684	351	145
1056	99	46	684	351	145
1057	96	46	682	351	145
1058	93	44	683	350	145
1059	95	38	678	350	145
1060	98	35	672	350	145
1061	96	32	669	350	145
1062	97	33	665	350	145
1063	97	33	661	350	145
1064	96	35	658	350	145
1065	98	36	657	350	145
1066	102	39	654	349	145
1067	100	45	653	349	145
1068	101	43	650	348	145
1069	101	38	646	348	145
1070	100	35	642	347	145
1071	101	33	639	344	145
1072	99	30	636	343	145
1073	100	29	631	341	145
1074	98	30	628	342	145
1075	98	29	624	342	145
1076	97	29	621	343	145
1077	95	34	615	344	145
1078	95	31	610	344	145
1079	96	35	606	343	145
1080	97	38	603	342	145
1081	97	40	602	342	145
1082	97	39	598	341	145
1083	98	31	596	339	145
1084	99	27	592	337	145
1085	101	29	589	334	145
1086	101	29	585	333	145
1087	102	29	581	331	145
1088	99	30	577	332	145
1089	99	31	572	332	145
1090	97	33	569	334	145
1091	95	35	566	336	145
1092	94	41	563	337	145
1093	94	45	561	337	145
1094	95	53	559	336	145
1095	97	52	560	334	145
1096	98	49	559	333	145
1097	99	53	557	331	145
1098	100	49	559	329	145
1099	100	55	556	327	145
1100	99	51	560	326	145
1101	99	51	560	325	145
1102	98	53	559	325	145
1103	98	57	559	325	145
1104	98	57	559	324	145
1105	96	59	558	325	145
1106	97	61	559	324	145
1107	97	61	559	324	145
1108	98	63	560	323	145
1109	95	63	560	323	145
1110	95	63	560	321	145
1111	95	67	560	319	145
1112	96	67	560	318	145
1113	97	68	561	316	145
1114	97	69	561	315	145
1115	97	73	561	314	145
1116	97	73	563	314	145
1117	96	75	562	314	145
1118	96	75	562	314	145
1119	95	75	564	314	145
1120	96	75	564	313	145
1121	96	73	565	312	145
1122	96	69	567	311	145
1123	97	65	569	309	145
1124	97	59	572	308	145
1125	96	53	575	308	145
1126	96	51	576	307	145
1127	95	50	578	307	145
1128	96	48	580	306	145
1129	95	45	581	306	145
1130	94	47	582	306	145
1131	94	49	583	306	145
1132	93	51	584	307	145
1133	94	51	584	306	145
1134	92	51	586	306	145
1135	91	53	589	305	145
1136	91	59	588	304	145
1137	92	50	595	303	145
1138	92	55	594	303	145
1139	92	45	601	303	145
1140	94	51	601	301	145
1141	94	47	604	301	145
1142	95	51	604	300	145
1143	95	52	606	300	145
1144	94	52	607	301	145
1145	95	51	608	300	145
1146	94	53	609	301	145
1147	95	51	610	300	145
1148	96	51	612	299	145
1149	96	47	614	298	145
1150	95	43	616	298	145
1151	95	42	618	298	145
1152	97	38	619	296	145
1153	96	33	621	296	145
1154	94	31	624	296	145
1155	95	29	625	295	145
1156	95	27	626	295	145
1157	95	28	628	295	145
1158	94	30	630	295	145
1159	93	39	633	296	145
1160	93	43	636	296	145
1161	93	51	635	296	145
1162	91	49	639	297	145
1163	91	54	639	297	145
1164	90	55	639	297	145
1165	91	53	641	296	145
1166	91	44	645	296	145
1167	92	44	644	295	145
1168	92	39	648	295	145
1169	91	37	652	294	145
1170	94	36	656	294	145
1171	98	34	660	294	145
1172	94	32	664	294	145
1173	90	30	667	294	145
1174	90	31	668	295	145
1175	90	43	674	295	145
1176	89	55	674	296	145
1177	90	50	677	295	145
1178	90	52	678	295	145
1179	91	48	679	294	145
1180	91	46	684	294	145
1181	92	41	686	293	145
1182	93	36	689	292	145
1183	95	29	689	292	145
1184	94	27	695	292	145
1185	95	30	701	292	145
1186	92	32	706	292	145
1187	92	38	708	293	145
1188	92	37	713	293	145
1189	91	51	711	294	145
1190	91	57	713	294	145
1191	90	55	714	295	145
1192	91	53	717	295	145
1193	92	56	720	295	145
1194	92	50	722	295	145
1195	93	49	723	294	145
1196	93	44	727	294	145
1197	93	39	729	294	145
1198	93	29	735	294	145
1199	93	24	739	294	145
1200	93	27	742	294	145
1201	93	35	747	294	145
1202	92	40	750	295	145
1203	92	45	752	295	145
1204	92	49	755	295	145
1205	92	48	757	295	145
1206	92	48	758	295	145
1207	92	48	760	294	145
1208	92	43	760	294	145
1209	93	37	762	293	145
1210	93	35	763	293	145
1211	93	26	769	293	145
1212	94	25	774	292	145
1213	94	26	778	292	145
1214	94	26	782	292	145
1215	93	33	784	293	145
1216	92	46	786	294	145
1217	92	52	789	294	145
1218	91	55	792	295	145
1219	92	53	794	294	145
1220	91	55	794	295	145
1221	92	54	797	294	145
1222	92	53	798	294	145
1223	93	47	801	293	145
1224	95	36	805	293	145
1225	97	36	807	292	145
1226	99	29	811	292	145
1227	98	27	815	292	145
1228	92	26	821	292	145
1229	93	28	825	293	145
1230	92	46	825	293	145
1231	91	44	833	294	145
1232	89	49	835	294	145
1233	90	51	836	294	145
1234	91	50	838	293	145
1235	91	47	838	293	145
1236	93	43	841	292	145
1237	93	39	843	292	145
1238	93	34	847	291	145
1239	93	27	849	291	145
1240	95	24	855	290	145
1241	90	26	858	290	145
1242	90	30	862	291	145
1243	91	32	866	291	145
1244	92	41	869	291	145
1245	91	51	869	292	145
1246	91	52	875	292	145
1247	91	51	874	292	145
1248	91	55	878	292	145
1249	91	51	878	292	145
1250	91	47	880	292	145
1251	92	51	883	291	145
1252	92	41	882	291	145
1253	93	34	892	290	145
1254	92	30	894	291	145
1255	93	31	897	290	145
1256	94	32	901	289	145
1257	93	33	904	290	145
1258	94	39	905	290	145
1259	94	41	907	290	145
1260	95	45	904	289	145
1261	94	46	912	290	145
1262	95	46	912	291	145
1263	95	51	912	291	145
1264	90	46	914	291	145
1265	92	41	917	290	145
1266	93	39	919	290	145
1267	94	42	922	289	145
1268	94	35	930	289	145
1269	94	33	934	289	145
1270	94	32	937	289	145
1271	94	33	939	289	145
1272	94	40	937	289	145
1273	94	39	939	290	145
1274	97	44	945	290	145
1275	95	46	946	290	145
1276	96	47	948	291	145
1277	88	48	949	292	145
1278	89	54	947	291	145
1279	89	49	951	291	145
1280	90	53	952	290	145
1281	94	52	956	291	145
1282	96	49	959	290	145
1283	94	42	965	290	145
1284	97	39	968	290	145
1285	97	32	973	290	145
1286	95	30	974	290	145
1287	95	34	973	289	145
1288	94	34	974	290	145
1289	94	38	980	290	145
1290	93	44	983	290	145
1291	94	45	983	291	145
1292	93	46	985	291	145
1293	91	46	986	290	145
1294	91	41	985	290	145
1295	92	38	987	289	145
1296	93	34	989	288	145
1297	92	29	992	288	145
1298	91	26	996	289	145
1299	93	26	1000	287	145
1300	94	25	1004	286	145
1301	93	26	1008	287	145
1302	92	27	1009	288	145
1303	93	32	1012	287	145
1304	92	40	1017	288	145
1305	92	46	1020	288	145
1306	91	49	1021	289	145
1307	92	50	1022	288	145
1308	92	50	1024	288	145
1309	89	46	1024	290	145
1310	92	45	1024	287	145
1311	92	37	1028	287	145
1312	93	35	1030	286	145
1313	93	30	1034	286	145
1314	91	29	1038	287	145
1315	93	30	1040	285	145
1316	93	31	1041	285	145
1317	93	34	1044	285	145
1318	93	34	1046	285	145
1319	93	34	1048	285	145
1320	91	36	1049	287	145
1321	93	36	1051	285	145
1322	93	36	1053	285	145
1323	94	35	1053	284	145
1324	94	33	1054	284	145
1325	95	31	1055	283	145
1326	94	32	1057	283	145
1327	94	28	1059	282	145
1328	94	27	1060	281	145
1329	94	26	1062	281	145
1330	94	26	1064	281	145
1331	94	27	1064	280	145
1332	94	26	1066	280	145
1333	93	29	1069	280	145
1334	93	33	1071	280	145
1335	93	33	1072	280	145
1336	92	41	1074	281	145
1337	92	35	1075	280	145
1338	92	38	1076	280	145
1339	92	36	1076	280	145
1340	93	38	1078	279	145
1341	94	38	1077	278	145
1342	92	38	1076	278	145
1343	92	38	1080	278	145
1344	93	33	1084	277	145
1345	92	39	1083	277	145
1346	94	36	1086	276	145
1347	93	32	1089	276	145
1348	94	34	1090	276	145
1349	93	34	1092	276	145
1350	92	34	1094	276	145
1351	95	38	1094	276	145
1352	94	38	1096	276	145
1353	94	36	1097	276	145
1354	94	37	1099	276	145
1355	93	35	1100	276	145
1356	95	34	1102	275	145
1357	88	34	1102	277	145
1358	91	31	1103	274	145
1359	92	35	1103	273	145
1360	85	27	1107	275	145
1361	89	28	1109	273	145
1362	91	25	1112	272	145
1363	92	23	1115	272	145
1364	91	26	1118	273	145
1365	91	33	1116	273	145
1366	92	28	1123	272	145
1367	92	36	1125	272	145
1368	91	41	1127	273	145
1369	91	48	1128	273	145
1370	90	47	1130	274	145
1371	90	47	1130	274	145
1372	90	46	1132	273	145
1373	89	44	1133	274	145
1374	90	47	1131	273	145
1375	90	42	1133	273	145
1376	91	41	1133	272	145
1377	91	29	1139	272	145
1378	92	30	1139	271	145
1379	96	35	1144	268	145
1380	92	26	1146	273	145
1381	93	27	1149	272	145
1382	93	32	1150	274	145
1383	90	36	1156	273	145
1384	95	42	1158	272	145
1385	93	44	1161	273	145
1386	91	46	1163	273	145
1387	92	47	1165	273	145
1388	92	51	1165	273	145
1389	95	48	1166	272	145
1390	94	45	1163	272	145
1391	94	38	1167	271	145
1392	94	39	1171	269	145
1393	93	29	1172	271	145
1394	92	27	1177	271	145
1395	92	25	1182	271	145
1396	92	25	1186	271	145
1397	91	28	1189	272	145
1398	91	36	1189	272	145
1399	91	40	1191	272	145
1400	90	43	1193	273	145
1401	91	47	1196	272	145
1402	90	47	1199	273	145
1403	89	52	1200	274	145
1404	89	49	1200	274	145
1405	89	47	1200	274	145
1406	90	42	1204	273	145
1407	90	37	1207	273	145
1408	89	37	1207	274	145
1409	88	30	1213	275	145
1410	91	40	1219	272	145
1411	91	26	1220	273	145
1412	90	29	1220	273	145
1413	89	29	1222	273	145
1414	88	40	1226	274	145
1415	88	50	1228	274	145
1416	88	47	1232	275	145
1417	91	47	1233	274	145
1418	91	49	1234	274	145
1419	92	47	1236	273	145
1420	88	48	1237	272	145
1421	88	42	1241	273	145
1422	90	36	1242	272	145
1423	91	37	1246	271	145
1424	92	27	1247	271	145
1425	92	28	1251	271	145
1426	92	26	1256	271	145
1427	91	31	1259	272	145
1428	93	39	1259	272	145
1429	92	43	1262	272	145
1430	91	51	1265	273	145
1431	89	50	1269	273	145
1432	88	51	1270	274	145
1433	88	49	1270	274	145
1434	89	50	1272	274	145
1435	90	46	1274	273	145
1436	90	45	1274	273	145
1437	90	37	1278	273	145
1438	90	33	1280	273	145
1439	90	30	1282	273	145
1440	91	24	1287	272	145
1441	90	28	1289	273	145
1442	90	30	1290	273	145
1443	90	33	1293	273	145
1444	90	38	1300	273	145
1445	90	39	1301	273	145
1446	89	47	1302	274	145
1447	89	45	1303	274	145
1448	89	50	1304	274	145
1449	89	46	1303	274	145
1450	90	41	1305	273	145
1451	89	45	1307	273	145
1452	89	36	1308	273	145
1453	89	39	1313	273	145
1454	94	39	1318	269	145
1455	92	27	1317	273	145
1456	92	24	1323	273	145
1457	93	26	1328	272	145
1458	92	29	1330	273	145
1459	92	37	1330	273	145
1460	92	44	1331	273	145
1461	91	45	1334	274	145
1462	91	51	1333	274	145
1463	90	50	1338	275	145
1464	90	48	1338	275	145
1465	92	46	1340	274	145
1466	94	49	1338	274	145
1467	95	44	1341	274	145
1468	91	42	1345	276	145
1469	91	34	1346	274	145
1470	96	38	1348	272	145
1471	92	25	1352	273	145
1472	91	29	1352	274	145
1473	92	29	1356	273	145
1474	91	29	1358	274	145
1475	92	31	1359	274	145
1476	91	40	1366	274	145
1477	90	44	1368	275	145
1478	91	48	1371	275	145
1479	93	47	1369	274	145
1480	95	46	1370	274	145
1481	95	49	1373	273	145
1482	96	48	1371	269	145
1483	90	35	1372	273	145
1484	91	35	1373	273	145
1485	92	31	1375	272	145
1486	92	28	1380	272	145
1487	91	25	1382	273	145
1488	91	28	1385	273	145
1489	92	28	1389	272	145
1490	92	28	1393	272	145
1491	92	37	1390	272	145
1492	92	43	1393	272	145
1493	91	46	1392	273	145
1494	94	49	1399	273	145
1495	94	48	1399	273	145
1496	96	50	1401	270	145
1497	96	47	1401	273	145
1498	94	48	1401	274	145
1499	96	46	1402	273	145
1500	96	46	1402	273	145
1501	95	43	1402	273	145
1502	95	40	1405	273	145
1503	95	39	1403	273	145
1504	96	37	1407	273	145
1505	93	41	1408	273	145
1506	95	42	1410	272	145
1507	97	40	1411	272	145
1508	97	42	1412	272	145
1509	98	43	1411	272	145
1510	97	45	1409	271	145
1511	95	41	1412	272	145
1512	93	39	1412	272	145
1513	97	37	1412	271	145
1514	96	32	1413	271	145
1515	98	38	1410	271	145
1516	96	31	1411	271	145
1517	96	30	1410	271	145
1518	97	29	1410	270	145
1519	98	30	1410	270	145
1520	98	30	1410	270	145
1521	98	26	1412	270	145
1522	92	24	1413	270	145
1523	101	30	1410	270	145
1524	95	26	1410	271	145
1525	94	28	1411	271	145
1526	97	24	1413	270	145
1527	97	28	1411	270	145
1528	97	26	1412	270	145
1529	97	29	1410	270	145
1530	98	28	1413	270	145
1531	97	29	1412	270	145
1532	96	28	1413	270	145
1533	98	28	1413	270	145
1534	98	29	1411	270	145
1535	98	26	1414	270	145
1536	97	33	1412	270	145
1537	101	28	1415	270	145
1538	97	31	1416	270	145
1539	98	31	1411	270	145
1540	98	29	1412	271	145
1541	97	29	1410	271	145
1542	96	32	1414	271	145
1543	97	32	1412	271	145
1544	96	33	1414	271	145
1545	97	27	1413	271	145
1546	97	28	1413	271	145
1547	100	29	1412	271	145
1548	97	28	1413	271	145
1549	96	30	1412	271	145
1550	100	27	1413	271	145
1551	96	26	1414	271	145
1552	99	26	1414	272	145
1553	97	26	1414	271	145
1554	98	28	1413	271	145
1555	96	27	1413	271	145
1556	98	28	1413	271	145
1557	94	26	1414	272	145
1558	97	26	1414	271	145
1559	94	28	1413	272	145
1560	97	30	1412	271	145
1561	93	26	1414	272	145
1562	96	27	1413	272	145
1563	95	26	1414	272	145
1564	95	25	1414	272	145
1565	97	25	1414	271	145
1566	96	25	1414	272	145
1567	94	25	1414	272	145
1568	95	25	1414	272	145
1569	95	25	1414	272	145
1570	95	30	1416	272	145
1571	97	37	1415	271	145
1572	91	25	1414	272	145
1573	98	39	1414	269	145
1574	91	25	1414	272	145
1575	96	38	1414	270	145
1576	91	25	1414	272	145
1577	91	25	1414	272	145
1578	97	36	1415	270	145
1579	98	40	1413	268	145
1580	98	35	1412	269	145
1581	97	39	1413	270	145
1582	98	40	1414	269	145
1583	96	36	1415	269	145
1584	96	42	1412	269	145
1585	97	42	1412	269	145
1586	98	42	1412	269	145
1587	98	35	1415	269	145
1588	91	27	1415	272	145
1589	91	27	1415	272	145
1590	95	30	1414	268	145
1591	94	32	1413	269	145
1592	94	32	1415	269	145
1593	96	33	1414	269	145
1594	95	37	1415	272	145
1595	98	29	1416	270	145
1596	95	31	1415	272	145
1597	96	34	1414	270	145
1598	95	32	1415	272	145
1599	96	31	1415	270	145
1600	93	32	1415	273	145
1601	94	32	1415	273	145
1602	95	35	1415	272	145
1603	92	31	1413	273	145
1604	96	36	1414	271	145
1605	97	27	1415	269	145
1606	98	31	1413	270	145
1607	100	30	1414	266	145
1608	96	30	1414	267	145
1609	94	28	1414	269	145
1610	94	27	1415	269	145
1611	95	27	1415	268	145
1612	94	27	1415	269	145
1613	95	30	1414	268	145
1614	93	29	1414	270	145
1615	94	29	1414	269	145
1616	94	31	1413	269	145
1617	90	27	1415	273	145
1618	90	29	1416	273	145
1619	90	28	1416	273	145
1620	92	29	1416	271	145
1621	92	29	1416	271	145
1622	94	29	1416	269	145
1623	92	29	1416	271	145
1624	95	37	1415	270	145
1625	97	42	1416	270	145
1626	97	39	1415	270	145
1627	96	37	1414	270	145
1628	97	40	1415	270	145
1629	98	38	1415	270	145
1630	97	38	1415	270	145
1631	96	42	1416	270	145
1632	92	33	1416	272	145
1633	91	31	1415	274	145
1634	90	32	1415	275	145
1635	92	34	1416	273	145
1636	91	31	1415	272	145
1637	89	44	1417	276	145
1638	92	40	1415	276	145
1639	88	32	1413	275	145
1640	91	39	1414	275	145
1641	88	42	1413	275	145
1642	96	36	1411	272	145
1643	92	35	1409	275	145
1644	96	41	1409	271	145
1645	92	35	1407	275	145
1646	93	35	1405	275	145
1647	92	34	1404	275	145
1648	94	32	1405	275	145
1649	93	37	1405	274	145
1650	96	35	1406	274	145
1651	94	34	1404	274	145
1652	92	33	1404	274	145
1653	95	38	1406	274	145
1654	94	38	1406	273	145
1655	96	36	1405	273	145
1656	92	33	1406	273	145
1657	91	32	1406	273	145
1658	94	34	1402	273	145
1659	97	36	1401	273	145
1660	95	31	1403	273	145
1661	95	35	1401	273	145
1662	97	29	1396	273	145
1663	99	28	1395	273	145
1664	98	23	1395	274	145
1665	95	31	1394	274	145
1666	99	28	1393	271	145
1667	96	32	1391	271	145
1668	92	35	1389	276	145
1669	93	33	1388	277	145
1670	94	33	1388	277	145
1671	92	35	1385	278	145
1672	94	34	1386	278	145
1673	93	35	1383	278	145
1674	95	32	1383	278	145
1675	94	32	1383	278	145
1676	94	29	1382	277	145
1677	94	32	1381	277	145
1678	94	32	1381	278	145
1679	93	38	1378	278	145
1680	95	39	1375	278	145
1681	95	45	1372	279	145
1682	93	45	1370	279	145
1683	95	48	1365	280	145
1684	96	41	1364	280	145
1685	96	41	1362	280	145
1686	96	43	1362	280	145
1687	95	41	1360	280	145
1688	96	39	1358	280	145
1689	96	35	1355	280	145
1690	96	31	1353	279	145
1691	96	29	1350	280	145
1692	97	31	1349	280	145
1693	95	31	1347	281	145
1694	99	34	1344	281	145
1695	97	32	1343	280	145
1696	93	42	1337	283	145
1697	92	38	1336	284	145
1698	94	42	1333	285	145
1699	92	43	1331	285	145
1700	95	38	1331	285	145
1701	95	38	1330	285	145
1702	94	40	1329	284	145
1703	98	39	1325	283	145
1704	96	39	1323	284	145
1705	96	35	1321	284	145
1706	93	39	1318	285	145
1707	88	40	1316	286	145
1708	93	47	1311	287	145
1709	93	47	1309	287	145
1710	94	52	1305	287	145
1711	94	51	1303	287	145
1712	92	48	1301	287	145
1713	91	47	1300	287	145
1714	91	39	1298	286	145
1715	94	35	1292	286	145
1716	95	36	1287	286	145
1717	96	32	1287	286	145
1718	97	30	1286	286	145
1719	94	33	1283	287	145
1720	93	36	1281	288	145
1721	91	41	1275	289	145
1722	92	41	1273	290	145
1723	92	43	1272	291	145
1724	96	39	1271	290	145
1725	93	38	1268	291	145
1726	95	33	1266	290	145
1727	94	32	1265	289	145
1728	93	32	1262	289	145
1729	97	32	1259	289	145
1730	93	39	1253	290	145
1731	94	36	1253	290	145
1732	95	39	1249	291	145
1733	93	44	1245	292	145
1734	93	45	1242	292	145
1735	93	50	1240	292	145
1736	94	49	1238	292	145
1737	93	47	1236	292	145
1738	97	47	1233	290	145
1739	92	43	1231	290	145
1740	93	40	1229	289	145
1741	93	42	1226	290	145
1742	94	35	1225	290	145
1743	94	38	1220	291	145
1744	93	40	1215	292	145
1745	95	46	1209	293	145
1746	91	46	1208	294	145
1747	94	41	1205	294	145
1748	94	45	1202	295	145
1749	96	41	1201	294	145
1750	97	36	1198	294	145
1751	94	33	1196	293	145
1752	96	31	1193	294	145
1753	97	29	1191	293	145
1754	95	31	1186	294	145
1755	92	34	1180	294	145
1756	95	38	1175	295	145
1757	96	42	1173	296	145
1758	89	46	1172	297	145
1759	94	50	1171	297	145
1760	95	48	1168	297	145
1761	95	46	1168	296	145
1762	97	39	1164	295	145
1763	96	38	1159	295	145
1764	99	29	1156	294	145
1765	98	27	1153	294	145
1766	98	24	1153	295	145
1767	96	28	1148	294	145
1768	95	32	1143	297	145
1769	94	36	1139	298	145
1770	94	37	1136	299	145
1771	94	42	1137	300	145
1772	93	43	1135	300	145
1773	91	45	1135	300	145
1774	92	35	1130	300	145
1775	96	34	1127	300	145
1776	99	34	1124	299	145
1777	98	31	1123	299	145
1778	93	28	1121	299	145
1779	92	32	1117	300	145
1780	94	35	1111	301	145
1781	95	40	1105	301	145
1782	95	37	1105	302	145
1783	97	43	1102	302	145
1784	97	42	1103	302	145
1785	98	45	1101	303	145
1786	100	42	1100	302	145
1787	97	44	1095	302	145
1788	95	38	1092	301	145
1789	95	34	1092	302	145
1790	98	35	1089	302	145
1791	99	36	1087	302	145
1792	98	42	1082	304	145
1793	95	46	1078	305	145
1794	94	47	1073	307	145
1795	96	48	1071	307	145
1796	96	49	1070	307	145
1797	91	50	1068	307	145
1798	95	39	1064	307	145
1799	95	39	1062	305	145
1800	97	33	1057	305	145
1801	98	30	1054	305	145
1802	97	23	1047	305	145
1803	92	30	1044	306	145
1804	92	36	1038	306	145
1805	90	43	1034	308	145
1806	90	45	1033	308	145
1807	90	49	1031	308	145
1808	90	54	1031	309	145
1809	90	53	1027	309	145
1810	97	48	1026	308	145
1811	95	47	1025	308	145
1812	95	34	1017	307	145
1813	101	26	1014	305	145
1814	97	24	1011	306	145
1815	96	25	1007	307	145
1816	97	29	1002	308	145
1817	91	35	998	310	145
1818	91	40	996	310	145
1819	90	46	995	311	145
1820	90	48	994	312	145
1821	98	48	991	312	145
1822	92	41	988	311	145
1823	95	34	988	311	145
1824	97	27	980	309	145
1825	99	27	977	309	145
1826	94	28	975	309	145
1827	96	32	971	310	145
1828	98	37	966	310	145
1829	97	44	961	311	145
1830	95	43	959	312	145
1831	93	50	958	312	145
1832	95	51	954	313	145
1833	94	50	953	312	145
1834	94	49	949	312	145
1835	96	40	946	310	145
1836	96	31	944	310	145
1837	97	26	940	310	145
1838	98	24	937	310	145
1839	100	24	933	310	145
1840	98	27	927	311	145
1841	94	42	920	313	145
1842	95	41	919	313	145
1843	92	46	920	314	145
1844	93	48	920	314	145
1845	94	45	917	314	145
1846	94	42	914	314	145
1847	96	36	911	312	145
1848	96	28	909	312	145
1849	96	24	903	312	145
1850	96	23	900	313	145
1851	95	26	899	314	145
1852	95	31	894	314	145
1853	94	44	889	315	145
1854	94	45	888	315	145
1855	93	52	885	316	145
1856	92	50	886	317	145
1857	93	54	883	316	145
1858	93	52	883	316	145
1859	94	46	877	315	145
1860	94	43	872	315	145
1861	96	29	869	314	145
1862	96	25	865	314	145
1863	96	26	862	314	145
1864	96	27	858	315	145
1865	96	35	855	315	145
1866	94	38	851	317	145
1867	94	45	849	318	145
1868	93	50	848	319	145
1869	94	52	846	319	145
1870	93	50	844	320	145
1871	93	45	841	320	145
1872	93	42	838	319	145
1873	95	35	836	318	145
1874	96	29	831	317	145
1875	96	26	826	317	145
1876	97	24	823	318	145
1877	100	42	817	316	145
1878	96	35	815	318	145
1879	96	41	812	318	145
1880	95	47	810	319	145
1881	94	51	808	320	145
1882	94	51	805	320	145
1883	94	52	804	320	145
1884	95	48	802	319	145
1885	96	41	798	318	145
1886	97	36	794	317	145
1887	97	26	790	317	145
1888	97	25	787	317	145
1889	97	25	784	317	145
1890	95	28	778	318	145
1891	95	33	774	319	145
1892	93	41	774	320	145
1893	93	41	770	321	145
1894	93	48	771	321	145
1895	92	50	770	321	145
1896	93	48	766	321	145
1897	95	44	765	321	145
1898	94	39	760	320	145
1899	97	26	756	319	145
1900	95	30	751	319	145
1901	97	30	750	320	145
1902	97	32	748	320	145
1903	97	35	744	320	145
1904	96	42	741	321	145
1905	98	45	738	321	145
1906	96	48	735	322	145
1907	97	50	736	322	145
1908	95	52	732	322	145
1909	95	47	729	322	145
1910	98	45	729	321	145
1911	95	36	725	320	145
1912	97	28	719	319	145
1913	98	34	718	320	145
1914	98	28	715	320	145
1915	97	30	709	321	145
1916	94	36	706	323	145
1917	95	45	702	323	145
1918	97	48	701	324	145
1919	95	52	700	325	145
1920	96	55	698	325	145
1921	93	52	695	326	145
1922	98	46	693	324	145
1923	97	43	689	324	145
1924	99	36	685	323	145
1925	99	31	681	323	145
1926	96	29	677	323	145
1927	98	32	676	323	145
1928	100	37	672	323	145
1929	100	41	669	323	145
1930	95	40	669	323	145
1931	94	44	667	324	145
1932	94	47	662	324	145
1933	94	48	662	324	145
1934	100	47	661	323	145
1935	95	44	660	323	145
1936	96	38	658	323	145
1937	96	33	653	323	145
1938	97	30	650	322	145
1939	97	27	646	322	145
1940	97	25	643	322	145
1941	96	24	640	323	145
1942	95	34	637	324	145
1943	96	37	634	323	145
1944	89	24	635	324	145
1945	96	45	629	326	145
1946	97	50	629	326	145
1947	96	53	627	326	145
1948	97	49	625	326	145
1949	98	50	623	326	145
1950	94	39	622	326	145
1951	94	31	616	326	145
1952	95	35	614	325	145
1953	98	32	612	325	145
1954	95	28	610	325	145
1955	101	28	608	325	145
1956	102	33	605	323	145
1957	104	41	604	321	145
1958	99	36	599	325	145
1959	97	34	598	325	145
1960	97	41	596	325	145
1961	97	44	595	325	145
1962	96	46	595	326	145
1963	97	48	594	325	145
1964	96	48	593	326	145
1965	96	47	591	326	145
1966	96	43	591	326	145
1967	97	41	590	325	145
1968	97	36	591	325	145
1969	98	34	587	324	145
1970	98	27	582	324	145
1971	97	25	581	325	145
1972	98	25	579	324	145
1973	98	26	577	324	145
1974	98	25	575	324	145
1975	98	29	572	324	145
1976	100	31	568	324	145
1977	98	41	567	324	145
1978	98	40	568	325	145
1979	101	41	566	322	145
1980	95	42	566	325	145
1981	97	47	566	325	145
1982	95	38	566	325	145
1983	95	36	563	325	145
1984	92	29	561	325	145
1985	98	30	559	324	145
1986	101	33	555	323	145
1987	99	33	553	322	145
1988	102	35	550	323	145
1989	102	27	552	322	145
1990	98	26	553	323	145
1991	101	27	550	322	145
1992	102	24	552	322	145
1993	98	32	548	322	145
1994	96	23	550	322	145
1995	104	28	548	319	145
1996	97	25	549	321	145
1997	98	26	549	320	145
1998	99	30	548	319	145
1999	99	29	549	319	145
2000	99	31	548	319	145
2001	99	31	550	318	145
2002	98	31	550	318	145
2003	98	36	550	318	145
2004	97	33	551	317	145
2005	96	38	551	317	145
2006	95	42	554	318	145
2007	95	41	556	318	145
2008	95	46	556	318	145
2009	95	40	559	318	145
2010	95	42	559	318	145
2011	95	42	559	318	145
2012	95	45	557	318	145
2013	94	38	560	317	145
2014	94	36	561	316	145
2015	95	39	559	315	145
2016	94	37	561	314	145
2017	93	37	563	314	145
2018	94	35	566	313	145
2019	95	37	567	312	145
2020	96	39	568	312	145
2021	95	39	570	312	145
2022	98	45	570	311	145
2023	96	41	571	311	145
2024	95	43	572	312	145
2025	98	43	574	311	145
2026	97	43	574	310	145
2027	98	41	575	309	145
2028	97	44	576	309	145
2029	97	41	577	308	145
2030	98	39	578	307	145
2031	97	37	579	306	145
2032	97	35	580	305	145
2033	97	33	581	304	145
2034	97	32	582	303	145
2035	97	31	582	303	145
2036	97	32	585	303	145
2037	96	35	587	303	145
2038	95	36	589	303	145
2039	95	38	590	303	145
2040	95	38	590	303	145
2041	95	34	592	302	145
2042	92	34	592	303	145
2043	92	32	593	301	145
2044	92	31	592	300	145
2045	92	31	594	299	145
2046	93	32	595	298	145
2047	93	35	596	298	145
2048	94	37	597	297	145
2049	95	43	600	296	145
2050	95	49	603	296	145
2051	95	57	607	296	145
2052	95	63	608	296	145
2053	94	71	604	296	145
2054	94	71	600	296	145
2055	95	74	603	295	145
2056	95	71	601	294	145
2057	95	69	600	294	145
2058	96	60	599	293	145
2059	97	58	599	292	145
2060	96	54	599	292	145
2061	97	49	601	291	145
2062	97	45	601	290	145
2063	96	43	602	290	145
2064	95	43	602	290	145
2065	96	44	600	289	145
2066	96	39	600	289	145
2067	95	42	597	289	145
2068	95	37	595	289	145
2069	94	31	596	290	145
2070	94	31	596	289	145
2071	94	29	595	289	145
2072	93	31	594	289	145
2073	93	31	594	288	145
2074	91	31	594	288	145
2075	92	32	594	287	145
2076	91	37	593	287	145
2077	90	37	593	286	145
2078	95	44	591	286	145
2079	95	41	593	285	145
2080	91	41	593	285	145
2081	95	42	593	285	145
2082	94	43	592	285	145
2083	89	42	591	285	145
2084	89	41	591	285	145
2085	90	40	590	284	145
2086	91	40	588	284	145
2087	92	37	587	283	145
2088	92	37	586	283	145
2089	92	36	587	283	145
2090	93	35	586	282	145
2091	93	33	585	282	145
2092	93	31	584	282	145
2093	93	32	586	282	145
2094	94	32	585	281	145
2095	93	29	585	282	145
2096	94	29	585	281	145
2097	94	33	585	281	145
2098	94	30	588	281	145
2099	94	31	586	281	145
2100	93	33	587	281	145
2101	93	34	588	281	145
2102	91	33	589	282	145
2103	92	36	588	282	145
2104	92	36	590	281	145
2105	91	35	590	282	145
2106	92	33	591	281	145
2107	91	36	590	281	145
2108	90	32	591	283	145
2109	92	29	591	281	145
2110	92	29	591	281	145
2111	91	27	590	280	145
2112	91	26	590	280	145
2113	91	26	590	280	145
2114	91	26	590	280	145
2115	91	25	589	280	145
2116	91	24	591	280	145
2117	92	23	590	280	145
2118	93	27	590	279	145
2119	92	24	590	280	145
2120	93	25	589	279	145
2121	92	26	590	280	145
2122	93	25	589	279	145
2123	92	25	590	280	145
2124	92	25	589	280	145
2125	92	24	591	280	145
2126	92	26	591	280	145
2127	92	30	593	280	145
2128	92	32	594	280	145
2129	91	34	595	281	145
2130	92	36	596	280	145
2131	92	34	596	280	145
2132	91	34	595	281	145
2133	91	32	595	281	145
2134	91	31	594	281	145
2135	91	31	594	281	145
2136	91	31	594	281	145
2137	91	31	594	281	145
2138	91	31	594	281	145
2139	91	34	595	281	145
2140	91	34	595	281	145
2141	91	33	595	281	145
2142	91	33	595	281	145
2143	90	33	595	282	145
2144	90	34	596	282	145
2145	91	35	596	281	145
2146	91	37	597	281	145
2147	90	37	597	282	145
2148	91	38	597	281	145
2149	90	36	598	282	145
2150	90	34	597	282	145
2151	90	35	598	282	145
2152	90	35	598	282	145
2153	90	34	598	282	145
2154	90	34	597	282	145
2155	89	34	597	283	145
2156	90	30	596	282	145
2157	89	28	595	283	145
2158	89	27	593	283	145
2159	88	28	594	284	145
2160	88	27	594	284	145
2161	88	29	593	284	145
2162	88	29	593	284	145
2163	89	30	593	284	145
2164	89	31	592	284	145
2165	88	29	591	284	145
2166	89	29	591	284	145
2167	89	28	591	284	145
2168	89	30	590	284	145
2169	92	28	590	284	145
2170	89	28	589	285	145
2171	91	27	588	285	145
2172	93	28	588	284	145
2173	94	28	589	284	145
2174	94	25	587	285	145
2175	93	26	588	285	145
2176	90	25	587	285	145
2177	90	27	586	286	145
2178	90	27	586	285	145
2179	90	29	587	285	145
2180	90	31	588	285	145
2181	90	30	588	285	145
2182	90	31	588	285	145
2183	91	28	587	285	145
2184	92	28	587	285	145
2185	93	30	588	285	145
2186	94	27	586	285	145
2187	94	25	587	286	145
2188	94	23	586	286	145
2189	93	24	587	287	145
2190	93	26	587	287	145
2191	92	26	587	288	145
2192	93	24	588	288	145
2193	91	24	588	290	145
2194	93	25	587	288	145
2195	92	24	588	289	145
2196	91	25	587	290	145
2197	91	24	588	290	145
2198	91	24	589	290	145
2199	91	23	590	290	145
2200	92	26	592	290	145
2201	90	28	593	292	145
2202	93	27	594	290	145
2203	91	30	596	292	145
2204	90	29	597	293	145
2205	90	32	599	293	145
2206	90	39	602	293	145
2207	89	39	602	294	145
2208	88	37	603	295	145
2209	87	46	605	296	145
2210	88	40	605	295	145
2211	88	37	603	296	145
2212	89	41	607	295	145
2213	89	37	605	295	145
2214	90	36	608	294	145
2215	90	38	610	294	145
2216	89	38	613	295	145
2217	90	35	616	294	145
2218	90	35	618	294	145
2219	93	38	620	294	145
2220	92	37	621	295	145
2221	94	38	622	295	145
2222	93	38	624	296	145
2223	90	42	625	297	145
2224	92	38	626	297	145
2225	92	38	628	297	145
2226	90	36	628	298	145
2227	92	36	629	298	145
2228	92	35	630	298	145
2229	93	35	630	298	145
2230	92	35	632	299	145
2231	92	35	633	300	145
2232	93	36	635	299	145
2233	93	33	635	299	145
2234	91	34	636	300	145
2235	89	33	637	301	145
2236	90	34	638	301	145
2237	91	36	639	301	145
2238	90	37	641	302	145
2239	92	40	643	303	145
2240	91	37	643	303	145
2241	90	38	644	304	145
2242	91	37	645	304	145
2243	88	35	645	308	145
2244	89	35	647	306	145
2245	90	34	646	305	145
2246	89	34	646	306	145
2247	90	34	648	305	145
2248	89	35	648	306	145
2249	89	37	649	306	145
2250	89	37	649	306	145
2251	90	38	651	306	145
2252	90	38	651	306	145
2253	94	38	652	306	145
2254	94	39	652	307	145
2255	91	38	652	308	145
2256	92	38	652	307	145
2257	91	36	653	308	145
2258	92	35	652	309	145
2259	92	35	651	310	145
2260	98	33	651	310	145
2261	92	31	650	311	145
2262	93	29	649	310	145
2263	92	29	648	311	145
2264	91	28	649	312	145
2265	93	25	646	312	145
2266	94	25	645	312	145
2267	94	24	645	312	145
2268	91	23	643	312	145
2269	91	24	643	312	145
2270	92	22	642	311	145
2271	91	28	638	312	145
2272	91	31	635	312	145
2273	91	32	636	312	145
2274	93	31	635	311	145
2275	92	32	635	312	145
2276	92	33	635	312	145
2277	92	31	635	312	145
2278	92	34	634	312	145
2279	93	37	633	311	145
2280	92	37	631	313	145
2281	93	35	628	312	145
2282	95	34	626	311	145
2283	95	33	623	311	145
2284	95	32	622	311	145
2285	95	31	620	311	145
2286	95	31	618	311	145
2287	95	32	616	312	145
2288	95	35	612	312	145
2289	95	39	610	312	145
2290	94	43	608	313	145
2291	93	42	607	314	145
2292	93	45	606	314	145
2293	92	47	606	315	145
2294	91	49	605	315	145
2295	91	46	605	315	145
2296	92	36	600	314	145
2297	92	29	596	314	145
2298	93	30	596	313	145
2299	93	29	593	313	145
2300	93	29	591	313	145
2301	94	29	589	312	145
2302	93	27	586	313	145
2303	95	28	585	312	145
2304	94	28	583	313	145
2305	94	33	580	313	145
2306	94	34	579	313	145
2307	94	35	577	313	145
2308	94	37	575	313	145
2309	94	38	575	313	145
2310	95	37	575	312	145
2311	95	35	572	312	145
2312	94	33	571	313	145
2313	96	33	569	312	145
2314	96	34	568	312	145
2315	98	35	566	312	145
2316	96	35	564	312	145
2317	96	33	563	312	145
2318	96	35	561	312	145
2319	97	35	560	312	145
2320	101	42	555	312	145
2321	93	42	555	312	145
2322	93	42	553	313	145
2323	95	41	551	313	145
2324	93	43	548	314	145
2325	92	44	548	314	145
2326	96	40	546	314	145
2327	90	48	546	315	145
2328	91	44	547	315	145
2329	90	42	546	315	145
2330	92	37	543	314	145
2331	92	40	544	314	145
2332	92	37	541	314	145
2333	92	32	537	314	145
2334	92	30	536	314	145
2335	92	31	534	314	145
2336	93	32	532	313	145
2337	93	28	531	313	145
2338	93	29	529	313	145
2339	93	29	527	313	145
2340	92	32	527	314	145
2341	93	31	524	313	145
2342	93	32	524	313	145
2343	93	33	523	313	145
2344	94	34	522	312	145
2345	93	33	521	313	145
2346	93	33	519	313	145
2347	94	33	519	312	145
2348	94	35	518	312	145
2349	94	35	516	312	145
2350	94	34	516	312	145
2351	95	31	514	311	145
2352	95	31	512	311	145
2353	95	31	512	311	145
2354	95	31	510	311	145
2355	95	32	510	311	145
2356	96	32	509	310	145
2357	95	29	507	310	145
2358	94	29	507	310	145
2359	95	29	507	310	145
2360	91	34	504	310	145
2361	95	32	503	310	145
2362	93	31	502	309	145
2363	96	33	501	309	145
2364	95	34	501	309	145
2365	95	35	500	309	145
2366	97	34	499	309	145
2367	96	35	498	310	145
2368	94	31	498	310	145
2369	92	31	498	310	145
2370	92	33	497	310	145
2371	92	36	499	310	145
2372	92	36	499	310	145
2373	93	38	498	309	145
2374	93	38	498	309	145
2375	92	37	495	309	145
2376	91	31	492	310	145
2377	92	32	493	309	145
2378	92	30	491	309	145
2379	93	31	490	308	145
2380	93	30	490	308	145
2381	92	29	489	309	145
2382	93	29	487	308	145
2383	94	29	487	307	145
2384	94	29	487	307	145
2385	94	29	487	307	145
2386	95	31	486	306	145
2387	95	30	486	306	145
2388	94	29	485	307	145
2389	94	31	484	307	145
2390	94	31	484	307	145
2391	94	33	483	307	145
2392	95	32	482	308	145
2393	95	34	481	308	145
2394	96	31	480	308	145
2395	91	33	479	307	145
2396	92	34	478	307	145
2397	92	33	477	308	145
2398	92	33	475	308	145
2399	92	33	475	308	145
2400	93	35	472	307	145
2401	93	39	470	308	145
2402	93	39	468	308	145
2403	93	40	466	308	145
2404	91	39	464	308	145
2405	90	41	461	309	145
2406	89	39	460	310	145
2407	90	47	462	311	145
2408	90	52	462	310	145
2409	88	46	464	311	145
2410	86	45	463	311	145
2411	86	44	461	312	145
2412	87	41	457	311	145
2413	87	44	457	311	145
2414	88	44	455	311	145
2415	90	37	451	311	145
2416	90	33	447	310	145
2417	92	36	447	310	145
2418	93	33	443	310	145
2419	88	33	441	310	145
2420	90	33	441	309	145
2421	92	35	442	309	145
2422	93	37	441	309	145
2423	89	39	440	309	145
2424	90	39	440	308	145
2425	90	41	439	308	145
2426	90	41	439	308	145
2427	90	43	436	308	145
2428	90	39	436	308	145
2429	95	37	433	308	145
2430	89	37	431	309	145
2431	91	35	428	308	145
2432	91	33	427	308	145
2433	91	31	424	308	145
2434	93	31	422	307	145
2435	93	33	419	308	145
2436	92	31	418	308	145
2437	89	34	416	308	145
2438	95	41	411	308	145
2439	94	44	410	309	145
2440	93	43	410	308	145
2441	93	47	406	309	145
2442	94	41	406	310	145
2443	90	49	406	310	145
2444	91	50	407	310	145
2445	91	48	404	311	145
2446	88	45	405	311	145
2447	89	45	403	311	145
2448	89	42	400	311	145
2449	89	42	398	311	145
2450	88	39	394	312	145
2451	89	38	392	312	145
2452	90	36	389	312	145
2453	90	35	388	313	145
2454	90	35	386	314	145
2455	90	37	385	315	145
2456	90	35	384	316	145
2457	90	38	384	317	145
2458	90	38	384	317	145
2459	88	37	383	319	145
2460	87	37	381	320	145
2461	88	38	382	320	145
2462	88	39	380	320	145
2463	88	42	378	320	145
2464	88	44	377	320	145
2465	87	44	375	321	145
2466	85	43	374	320	145
2467	88	43	373	321	145
2468	91	45	371	321	145
2469	89	45	369	321	145
2470	91	51	366	323	145
2471	91	49	365	323	145
2472	92	50	363	324	145
2473	89	46	363	324	145
2474	89	49	361	325	145
2475	87	45	361	326	145
2476	84	47	360	326	145
2477	84	50	359	327	145
2478	84	50	358	327	145
2479	83	47	354	327	145
2480	84	45	351	327	145
2481	84	41	347	326	145
2482	85	41	345	326	145
2483	86	39	344	325	145
2484	87	39	342	325	145
2485	87	42	341	325	145
2486	88	44	340	324	145
2487	89	43	339	324	145
2488	90	43	338	323	145
2489	90	45	337	323	145
2490	91	44	336	322	145
2491	91	45	335	322	145
2492	92	45	333	321	145
2493	92	45	331	321	145
2494	93	46	330	320	145
2495	94	43	328	319	145
2496	94	43	326	318	145
2497	95	45	325	317	145
2498	95	46	323	317	145
2499	95	43	322	317	145
2500	96	47	318	316	145
2501	95	48	317	317	145
2502	95	48	315	317	145
2503	93	52	312	318	145
2504	93	51	312	318	145
2505	92	50	313	318	145
2506	92	50	314	318	145
2507	92	49	313	318	145
2508	92	51	312	317	145
2509	93	51	310	316	145
2510	93	49	309	316	145
2511	92	51	308	316	145
2512	93	50	307	315	145
2513	92	51	306	315	145
2514	92	51	306	315	145
2515	92	51	306	315	145
2516	92	51	306	315	145
2517	92	50	308	315	145
2518	92	47	308	315	145
2519	92	47	308	315	145
2520	92	49	311	315	145
2521	92	48	311	315	145
2522	92	54	310	315	145
2523	91	54	311	316	145
2524	90	53	311	317	145
2525	90	53	313	317	145
2526	90	53	312	317	145
2527	90	51	314	317	145
2528	90	54	315	317	145
2529	91	59	315	316	145
2530	92	61	316	315	145
2531	94	59	319	314	145
2532	95	54	323	314	145
2533	96	43	328	313	145
2534	96	43	330	313	145
2535	96	44	332	313	145
2536	97	43	332	312	145
2537	96	43	334	313	145
2538	96	43	334	313	145
2539	94	43	336	315	145
2540	95	43	338	315	145
2541	94	41	339	316	145
2542	93	41	341	317	145
2543	93	44	342	317	145
2544	94	45	343	316	145
2545	93	45	345	317	145
2546	93	40	350	317	145
2547	93	37	353	317	145
2548	93	35	356	317	145
2549	98	35	358	317	145
2550	96	35	360	317	145
2551	98	35	362	317	145
2552	96	37	365	318	145
2553	94	39	367	318	145
2554	94	46	369	319	145
2555	96	52	373	318	145
2556	95	52	374	320	145
2557	94	54	376	321	145
2558	95	53	378	320	145
2559	96	48	378	320	145
2560	92	41	381	320	145
2561	92	37	383	320	145
2562	96	35	386	319	145
2563	93	33	389	319	145
2564	97	35	392	320	145
2565	94	35	394	320	145
2566	94	37	397	321	145
2567	100	37	399	322	145
2568	99	37	401	323	145
2569	98	39	404	324	145
2570	96	39	406	326	145
2571	95	45	407	325	145
2572	96	38	411	326	145
2573	99	40	414	326	145
2574	97	38	416	326	145
2575	99	35	418	325	145
2576	94	35	420	325	145
2577	94	35	422	326	145
2578	94	33	423	326	145
2579	95	35	426	326	145
2580	95	35	428	327	145
2581	96	41	435	327	145
2582	97	50	435	328	145
2583	93	51	436	329	145
2584	94	52	438	329	145
2585	94	48	441	330	145
2586	98	49	443	329	145
2587	93	47	441	329	145
2588	93	48	446	329	145
2589	99	40	449	328	145
2590	99	38	449	327	145
2591	99	35	454	328	145
2592	98	35	458	328	145
2593	98	37	460	329	145
2594	100	37	463	329	145
2595	101	39	466	329	145
2596	101	38	468	330	145
2597	99	41	469	331	145
2598	99	46	469	331	145
2599	98	41	473	332	145
2600	100	45	471	331	145
2601	100	42	475	332	145
2602	99	40	478	332	145
2603	100	34	483	332	145
2604	99	33	485	332	145
2605	101	33	487	331	145
2606	100	33	489	332	145
2607	98	33	491	332	145
2608	97	35	494	332	145
2609	95	41	499	333	145
2610	95	51	502	333	145
2611	96	55	502	333	145
2612	98	56	504	334	145
2613	96	52	509	335	145
2614	96	51	510	335	145
2615	96	52	511	334	145
2616	96	48	511	334	145
2617	98	44	512	334	145
2618	98	37	517	334	145
2619	99	37	520	334	145
2620	98	36	523	333	145
2621	100	35	524	333	145
2622	100	33	527	334	145
2623	100	33	529	335	145
2624	101	34	532	335	145
2625	102	35	534	335	145
2626	100	38	538	336	145
2627	100	39	538	336	145
2628	99	41	539	337	145
2629	98	43	540	338	145
2630	99	40	540	337	145
2631	100	38	543	337	145
2632	97	36	546	338	145
2633	99	36	548	337	145
2634	98	33	551	337	145
2635	97	33	553	337	145
2636	102	33	555	337	145
2637	100	33	557	337	145
2638	97	33	559	338	145
2639	99	42	566	338	145
2640	99	45	569	339	145
2641	98	45	570	339	145
2642	96	47	570	339	145
2643	97	48	570	339	145
2644	100	51	572	337	145
2645	96	51	571	339	145
2646	98	46	573	338	145
2647	95	40	575	338	145
2648	100	40	578	337	145
2649	100	38	579	338	145
2650	97	36	582	338	145
2651	98	34	584	337	145
2652	101	33	585	338	145
2653	102	32	586	338	145
2654	102	33	587	338	145
2655	102	31	588	339	145
2656	101	31	590	339	145
2657	99	34	592	339	145
2658	99	35	594	340	145
2659	98	36	597	341	145
2660	97	38	598	342	145
2661	98	35	598	341	145
2662	97	39	598	342	145
2663	96	33	600	343	145
2664	96	32	601	343	145
2665	96	31	602	343	145
2666	97	32	603	342	145
2667	96	31	604	343	145
2668	96	33	605	343	145
2669	96	31	606	343	145
2670	96	33	607	343	145
2671	97	33	607	343	145
2672	100	35	608	343	145
2673	100	36	611	343	145
2674	97	37	611	343	145
2675	101	33	609	342	145
2676	101	35	612	342	145
2677	100	34	612	342	145
2678	102	34	611	342	145
2679	102	34	611	341	145
2680	102	35	611	341	145
2681	101	33	613	341	145
2682	102	34	614	340	145
2683	102	34	614	341	145
2684	102	35	614	340	145
2685	100	35	614	341	145
2686	100	35	614	341	145
2687	101	37	613	341	145
2688	101	33	615	341	145
2689	103	33	615	341	145
2690	101	34	616	341	145
2691	100	36	617	341	145
2692	104	34	616	341	145
2693	103	35	615	341	145
2694	102	34	616	342	145
2695	103	34	616	341	145
2696	102	34	616	342	145
2697	101	34	616	341	145
2698	101	34	616	341	145
2699	100	34	616	341	145
2700	101	34	616	341	145
2701	104	34	616	341	145
2702	103	34	616	341	145
2703	102	34	616	341	145
2704	102	34	616	341	145
2705	100	34	616	341	145
2706	100	34	616	341	145
2707	101	33	615	341	145
2708	101	32	615	342	145
2709	102	32	615	341	145
2710	102	34	614	342	145
2711	104	33	613	342	145
2712	101	32	613	342	145
2713	102	32	613	342	145
2714	102	32	613	343	145
2715	100	32	613	343	145
2716	100	33	613	343	145
2717	102	31	612	343	145
2718	100	32	613	343	145
2719	99	33	612	344	145
2720	95	32	612	344	145
2721	95	33	612	344	145
2722	95	34	612	344	145
2723	95	34	612	344	145
2724	95	36	613	344	145
2725	95	34	612	344	145
2726	95	34	612	344	145
2727	95	33	611	344	145
2728	94	35	612	345	145
2729	95	35	611	344	145
2730	94	34	612	345	145
2731	94	34	612	345	145
2732	95	35	611	344	145
2733	94	32	609	345	145
2734	94	35	610	345	145
2735	97	36	611	345	145
2736	94	36	611	345	145
2737	93	36	611	346	145
2738	95	36	611	345	145
2739	99	31	608	345	145
2740	96	32	609	345	145
2741	98	31	608	345	145
2742	98	34	608	345	145
2743	98	35	608	345	145
2744	99	35	608	344	145
2745	93	38	608	345	145
2746	95	35	608	344	145
2747	95	35	608	344	145
2748	95	34	607	344	145
2749	95	35	606	344	145
2750	95	35	606	344	145
2751	96	33	605	343	145
2752	96	35	604	343	145
2753	96	34	604	343	145
2754	96	35	602	343	145
2755	96	35	602	343	145
2756	96	35	600	343	145
2757	96	35	600	343	145
2758	96	35	598	343	145
2759	97	34	598	343	145
2760	97	35	596	343	145
2761	102	33	595	343	145
2762	102	33	593	343	145
2763	103	33	593	343	145
2764	102	34	591	342	145
2765	104	34	590	342	145
2766	103	35	588	343	145
2767	105	36	587	343	145
2768	103	37	585	343	145
2769	103	40	584	343	145
2770	98	39	582	344	145
2771	99	40	583	344	145
2772	101	37	581	345	145
2773	101	39	580	345	145
2774	102	41	579	345	145
2775	102	41	579	346	145
2776	103	45	577	346	145
2777	102	46	578	346	145
2778	100	44	575	346	145
2779	101	46	574	346	145
2780	100	42	572	347	145
2781	100	42	570	346	145
2782	99	43	568	347	145
2783	99	42	568	348	145
2784	99	43	566	348	145
2785	102	42	566	348	145
2786	101	41	565	349	145
2787	100	43	564	349	145
2788	97	44	565	350	145
2789	97	41	563	351	145
2790	102	43	562	351	145
2791	102	43	562	352	145
2792	100	44	561	352	145
2793	103	43	560	353	145
2794	102	41	559	353	145
2795	101	41	557	353	145
2796	100	41	557	352	145
2797	100	40	555	353	145
2798	100	39	552	353	145
2799	100	37	551	353	145
2800	100	38	550	353	145
2801	101	39	548	353	145
2802	100	38	548	353	145
2803	95	39	548	354	145
2804	100	39	546	354	145
2805	101	45	542	354	145
2806	99	42	543	355	145
2807	100	41	542	355	145
2808	101	39	542	355	145
2809	100	41	541	356	145
2810	99	41	541	356	145
2811	99	41	541	356	145
2812	97	43	540	356	145
2813	97	45	539	356	145
2814	97	45	537	356	145
2815	97	45	537	357	145
2816	95	45	537	356	145
2817	96	45	535	356	145
2818	95	45	535	356	145
2819	94	44	534	356	145
2820	94	44	534	357	145
2821	96	43	534	356	145
2822	97	43	534	356	145
2823	97	41	533	356	145
2824	97	40	534	356	145
2825	97	39	534	356	145
2826	97	40	535	356	145
2827	98	39	536	355	145
2828	97	39	536	356	145
2829	97	39	536	356	145
2830	98	37	537	355	145
2831	95	37	537	356	145
2832	97	37	537	355	145
2833	97	37	537	356	145
2834	98	38	538	355	145
2835	98	38	538	355	145
2836	98	39	538	355	145
2837	96	37	539	355	145
2838	97	39	538	355	145
2839	98	37	539	355	145
2840	98	37	539	355	145
2841	98	37	539	355	145
2842	98	37	539	355	145
2843	97	38	540	355	145
2844	96	35	540	355	145
2845	98	37	541	355	145
2846	97	37	541	355	145
2847	98	37	541	355	145
2848	101	37	541	355	145
2849	104	37	542	355	145
2850	104	36	543	355	145
2851	103	37	543	355	145
2852	100	37	543	355	145
2853	100	37	543	355	145
2854	98	37	543	355	145
2855	99	37	543	355	145
2856	100	37	543	355	145
2857	100	35	544	355	145
2858	98	35	544	355	145
2859	97	35	544	355	145
2860	100	37	543	355	145
2861	101	36	544	355	145
2862	100	36	544	355	145
2863	100	37	542	355	145
2864	99	33	543	355	145
2865	99	33	543	355	145
2866	97	33	543	355	145
2867	100	33	543	355	145
2868	97	33	543	355	145
2869	100	33	543	355	145
2870	100	33	543	355	145
2871	102	33	543	354	145
2872	100	34	544	355	145
2873	101	33	543	355	145
2874	100	33	543	355	145
2875	100	33	543	355	145
2876	102	33	543	354	145
2877	100	33	543	354	145
2878	100	33	543	355	145
2879	101	33	543	355	145
2880	101	34	543	355	145
2881	100	33	543	355	145
2882	98	33	543	355	145
2883	103	33	543	354	145
2884	100	34	543	355	145
2885	99	33	543	355	145
2886	99	33	543	355	145
2887	100	34	543	355	145
2888	100	33	543	354	145
2889	99	33	543	354	145
2890	101	34	544	354	145
2891	98	34	543	355	145
2892	104	33	543	355	145
2893	99	33	543	355	145
2894	99	34	543	355	145
2895	100	33	543	355	145
2896	100	34	544	355	145
2897	99	33	543	355	145
2898	99	33	543	354	145
2899	99	34	543	355	145
2900	98	33	543	355	145
2901	98	33	543	355	145
2902	98	33	543	355	145
2903	98	33	543	355	145
2904	98	35	543	355	145
2905	98	36	542	355	145
2906	100	37	542	355	145
2907	96	35	542	355	145
2908	100	37	541	355	145
2909	96	38	541	355	145
2910	98	35	542	354	145
2911	97	34	543	355	145
2912	98	34	543	355	145
2913	95	36	542	356	145
2914	99	35	542	355	145
2915	99	37	542	355	145
2916	97	37	541	354	145
2917	100	35	542	354	145
2918	97	37	541	355	145
2919	102	36	542	354	145
2920	99	37	541	355	145
2921	97	39	540	354	145
2922	99	37	541	354	145
2923	101	38	541	354	145
2924	98	42	540	354	145
2925	102	42	539	353	145
2926	97	43	541	353	145
2927	98	44	538	353	145
2928	100	42	538	353	145
2929	99	43	536	353	145
2930	98	42	535	353	145
2931	98	42	533	353	145
2932	98	40	532	353	145
2933	95	35	533	353	145
2934	95	35	532	353	145
2935	95	36	534	353	145
2936	95	38	534	353	145
2937	96	37	533	352	145
2938	96	36	531	352	145
2939	97	34	531	352	145
2940	99	33	531	351	145
2941	98	33	531	351	145
2942	100	33	531	351	145
2943	96	33	531	351	145
2944	96	33	531	350	145
2945	96	33	531	350	145
2946	96	31	532	350	145
2947	96	34	533	350	145
2948	97	35	534	349	145
2949	97	33	535	349	145
2950	98	33	537	348	145
2951	99	31	539	347	145
2952	99	29	541	346	145
2953	99	27	544	346	145
2954	100	28	545	345	145
2955	99	28	546	346	145
2956	98	29	547	345	145
2957	96	32	550	346	145
2958	94	37	553	346	145
2959	96	42	554	346	145
2960	96	37	551	346	145
2961	95	44	556	347	145
2962	95	39	554	347	145
2963	94	42	556	347	145
2964	93	43	558	347	145
2965	95	43	560	345	145
2966	93	46	561	345	145
2967	93	34	568	344	145
2968	93	41	566	343	145
2969	93	37	569	342	145
2970	93	37	571	342	145
2971	94	33	573	341	145
2972	94	31	576	340	145
2973	94	32	578	340	145
2974	94	33	579	340	145
2975	94	32	581	340	145
2976	94	35	581	340	145
2977	95	35	582	339	145
2978	95	38	583	339	145
2979	96	37	585	338	145
2980	98	37	586	336	145
2981	97	35	588	336	145
2982	98	35	590	334	145
2983	97	30	595	333	145
2984	98	27	598	332	145
2985	98	26	601	331	145
2986	99	27	603	330	145
2987	99	28	606	330	145
2988	98	34	610	330	145
2989	97	40	613	330	145
2990	97	48	617	330	145
2991	96	49	617	330	145
2992	96	48	619	329	145
2993	96	45	618	329	145
2994	96	43	621	328	145
2995	96	38	624	327	145
2996	97	32	627	325	145
2997	98	30	630	324	145
2998	99	27	634	323	145
2999	100	32	637	322	145
3000	99	34	640	322	145
3001	100	37	641	321	145
3002	100	39	642	321	145
3003	98	43	644	322	145
3004	98	43	644	322	145
3005	98	43	644	322	145
3006	98	43	644	322	145
3007	98	43	644	322	145
3008	98	43	644	322	145
3009	98	43	644	322	145
