1	0	288	0	0	0
2	0	288	0	0	0
3	0	288	0	0	0
4	0	288	0	0	0
5	0	288	0	0	0
6	0	288	0	0	0
7	0	288	0	0	0
8	0	288	0	0	0
9	0	288	0	0	0
10	0	288	0	0	0
11	0	288	0	0	0
12	0	288	0	0	0
13	0	288	0	0	0
14	0	288	0	0	0
15	0	288	0	0	0
16	0	288	0	0	0
17	0	288	0	0	0
18	0	288	0	0	0
19	0	288	0	0	0
20	0	288	0	0	0
21	0	288	0	0	0
22	0	288	0	0	0
23	0	288	0	0	0
24	0	288	0	0	0
25	0	288	0	0	0
26	0	288	0	0	0
27	0	288	0	0	0
28	0	288	0	0	0
29	0	288	0	0	0
30	0	288	0	0	0
31	0	288	0	0	0
32	0	288	0	0	0
33	0	288	0	0	0
34	0	288	0	0	0
35	0	288	0	0	0
36	0	288	0	0	0
37	0	288	0	0	0
38	0	288	0	0	0
39	0	288	0	0	0
40	0	288	0	0	0
41	0	288	0	0	0
42	0	288	0	0	0
43	0	288	0	0	0
44	0	288	0	0	0
45	0	288	0	0	0
46	0	288	0	0	0
47	0	288	0	0	0
48	0	288	0	0	0
49	0	288	0	0	0
50	0	288	0	0	0
51	0	288	0	0	0
52	0	288	0	0	0
53	0	288	0	0	0
54	0	288	0	0	0
55	0	288	0	0	0
56	0	288	0	0	0
57	0	288	0	0	0
58	0	288	0	0	0
59	0	288	0	0	0
60	0	288	0	0	0
61	0	288	0	0	0
62	0	288	0	0	0
63	0	288	0	0	0
64	0	288	0	0	0
65	0	288	0	0	0
66	0	288	0	0	0
67	0	288	0	0	0
68	0	288	0	0	0
69	0	288	0	0	0
70	0	288	0	0	0
71	0	288	0	0	0
72	0	288	0	0	0
73	0	288	0	0	0
74	0	288	0	0	0
75	0	288	0	0	0
76	0	288	0	0	0
77	0	288	0	0	0
78	0	288	0	0	0
79	0	288	0	0	0
80	0	288	0	0	0
81	0	288	0	0	0
82	0	288	0	0	0
83	0	288	0	0	0
84	0	288	0	0	0
85	0	288	0	0	0
86	0	288	0	0	0
87	0	288	0	0	0
88	0	288	0	0	0
89	0	288	0	0	0
90	0	288	0	0	0
91	0	288	0	0	0
92	0	288	0	0	0
93	0	288	0	0	0
94	0	288	0	0	0
95	0	288	0	0	0
96	0	288	0	0	0
97	0	288	0	0	0
98	0	288	0	0	0
99	0	288	0	0	0
100	0	288	0	0	0
101	0	288	0	0	0
102	0	288	0	0	0
103	0	288	0	0	0
104	0	288	0	0	0
105	0	288	0	0	0
106	0	288	0	0	0
107	0	288	0	0	0
108	0	288	0	0	0
109	0	288	0	0	0
110	0	288	0	0	0
111	0	288	0	0	0
112	0	288	0	0	0
113	0	288	0	0	0
114	0	288	0	0	0
115	0	288	0	0	0
116	0	288	0	0	0
117	0	288	0	0	0
118	0	288	0	0	0
119	0	288	0	0	0
120	0	288	0	0	0
121	0	288	0	0	0
122	0	288	0	0	0
123	0	288	0	0	0
124	0	288	0	0	0
125	0	288	0	0	0
126	0	288	0	0	0
127	0	288	0	0	0
128	0	288	0	0	0
129	0	288	0	0	0
130	0	288	0	0	0
131	0	288	0	0	0
132	0	288	0	0	0
133	0	288	0	0	0
134	0	288	0	0	0
135	0	288	0	0	0
136	0	288	0	0	0
137	0	288	0	0	0
138	0	288	0	0	0
139	0	288	0	0	0
140	0	288	0	0	0
141	0	288	0	0	0
142	0	288	0	0	0
143	0	288	0	0	0
144	0	288	0	0	0
145	0	288	0	0	0
146	0	288	0	0	0
147	0	288	0	0	0
148	0	288	0	0	0
149	0	288	0	0	0
150	0	288	0	0	0
151	0	288	0	0	0
152	0	288	0	0	0
153	0	288	0	0	0
154	0	288	0	0	0
155	0	288	0	0	0
156	0	288	0	0	0
157	0	288	0	0	0
158	0	288	0	0	0
159	0	288	0	0	0
160	0	288	0	0	0
161	0	288	0	0	0
162	0	288	0	0	0
163	0	288	0	0	0
164	0	288	0	0	0
165	0	288	0	0	0
166	0	288	0	0	0
167	0	288	0	0	0
168	0	288	0	0	0
169	0	288	0	0	0
170	0	288	0	0	0
171	0	288	0	0	0
172	0	288	0	0	0
173	0	288	0	0	0
174	0	288	0	0	0
175	0	288	0	0	0
176	0	288	0	0	0
177	0	288	0	0	0
178	0	288	0	0	0
179	0	288	0	0	0
180	0	288	0	0	0
181	0	288	0	0	0
182	0	288	0	0	0
183	0	288	0	0	0
184	0	288	0	0	0
185	0	288	0	0	0
186	0	288	0	0	0
187	0	288	0	0	0
188	0	288	0	0	0
189	0	288	0	0	0
190	0	288	0	0	0
191	0	288	0	0	0
192	0	288	0	0	0
193	0	288	0	0	0
194	0	288	0	0	0
195	0	288	0	0	0
196	0	288	0	0	0
197	0	288	0	0	0
198	0	288	0	0	0
199	0	288	0	0	0
200	0	288	0	0	0
201	0	288	0	0	0
202	0	288	0	0	0
203	0	288	0	0	0
204	0	288	0	0	0
205	0	288	0	0	0
206	0	288	0	0	0
207	0	288	0	0	0
208	0	288	0	0	0
209	0	288	0	0	0
210	0	288	0	0	0
211	0	288	0	0	0
212	0	288	0	0	0
213	0	288	0	0	0
214	0	288	0	0	0
215	0	288	0	0	0
216	0	288	0	0	0
217	0	288	0	0	0
218	0	288	0	0	0
219	0	288	0	0	0
220	0	288	0	0	0
221	0	288	0	0	0
222	0	288	0	0	0
223	0	288	0	0	0
224	0	288	0	0	0
225	0	288	0	0	0
226	0	288	0	0	0
227	0	288	0	0	0
228	0	288	0	0	0
229	0	288	0	0	0
230	0	288	0	0	0
231	0	288	0	0	0
232	0	288	0	0	0
233	0	288	0	0	0
234	0	288	0	0	0
235	0	288	0	0	0
236	0	288	0	0	0
237	0	288	0	0	0
238	0	288	0	0	0
239	0	288	0	0	0
240	0	288	0	0	0
241	0	288	0	0	0
242	0	288	0	0	0
243	0	288	0	0	0
244	0	288	0	0	0
245	0	288	0	0	0
246	0	288	0	0	0
247	0	288	0	0	0
248	0	288	0	0	0
249	0	288	0	0	0
250	0	288	0	0	0
251	0	288	0	0	0
252	0	288	0	0	0
253	0	288	0	0	0
254	0	288	0	0	0
255	0	288	0	0	0
256	0	288	0	0	0
257	0	288	0	0	0
258	0	288	0	0	0
259	0	288	0	0	0
260	0	288	0	0	0
261	0	288	0	0	0
262	0	288	0	0	0
263	0	288	0	0	0
264	0	288	0	0	0
265	0	288	0	0	0
266	0	288	0	0	0
267	0	288	0	0	0
268	0	288	0	0	0
269	0	288	0	0	0
270	0	288	0	0	0
271	0	288	0	0	0
272	0	288	0	0	0
273	0	288	0	0	0
274	0	288	0	0	0
275	0	288	0	0	0
276	0	288	0	0	0
277	0	288	0	0	0
278	0	288	0	0	0
279	0	288	0	0	0
280	0	288	0	0	0
281	0	288	0	0	0
282	0	288	0	0	0
283	0	288	0	0	0
284	0	288	0	0	0
285	0	288	0	0	0
286	0	288	0	0	0
287	0	288	0	0	0
288	0	288	0	0	0
289	0	288	0	0	0
290	0	288	0	0	0
291	0	288	0	0	0
292	0	288	0	0	0
293	0	288	0	0	0
294	0	288	0	0	0
295	0	288	0	0	0
296	0	288	0	0	0
297	0	288	0	0	0
298	0	288	0	0	0
299	0	288	0	0	0
300	0	288	0	0	0
301	0	288	0	0	0
302	0	288	0	0	0
303	0	288	0	0	0
304	0	288	0	0	0
305	0	288	0	0	0
306	0	288	0	0	0
307	0	288	0	0	0
308	0	288	0	0	0
309	0	288	0	0	0
310	0	288	0	0	0
311	0	288	0	0	0
312	0	288	0	0	0
313	0	288	0	0	0
314	0	288	0	0	0
315	0	288	0	0	0
316	0	288	0	0	0
317	0	288	0	0	0
318	0	288	0	0	0
319	0	288	0	0	0
320	0	288	0	0	0
321	0	288	0	0	0
322	0	288	0	0	0
323	0	288	0	0	0
324	0	288	0	0	0
325	0	288	0	0	0
326	0	288	0	0	0
327	0	288	0	0	0
328	0	288	0	0	0
329	0	288	0	0	0
330	0	288	0	0	0
331	0	288	0	0	0
332	0	288	0	0	0
333	0	288	0	0	0
334	0	288	0	0	0
335	0	288	0	0	0
336	0	288	0	0	0
337	0	288	0	0	0
338	0	288	0	0	0
339	0	288	0	0	0
340	0	288	0	0	0
341	0	288	0	0	0
342	0	288	0	0	0
343	0	288	0	0	0
344	0	288	0	0	0
345	0	288	0	0	0
346	0	288	0	0	0
347	0	288	0	0	0
348	0	288	0	0	0
349	0	288	0	0	0
350	0	288	0	0	0
351	0	288	0	0	0
352	0	288	0	0	0
353	0	288	0	0	0
354	0	288	0	0	0
355	0	288	0	0	0
356	0	288	0	0	0
357	0	288	0	0	0
358	0	288	0	0	0
359	0	288	0	0	0
360	0	288	0	0	0
361	0	288	0	0	0
362	0	288	0	0	0
363	0	288	0	0	0
364	0	288	0	0	0
365	0	288	0	0	0
366	0	288	0	0	0
367	0	288	0	0	0
368	0	288	0	0	0
369	0	288	0	0	0
370	0	288	0	0	0
371	0	288	0	0	0
372	0	288	0	0	0
373	0	288	0	0	0
374	0	288	0	0	0
375	0	288	0	0	0
376	0	288	0	0	0
377	0	288	0	0	0
378	0	288	0	0	0
379	0	288	0	0	0
380	0	288	0	0	0
381	0	288	0	0	0
382	0	288	0	0	0
383	0	288	0	0	0
384	0	288	0	0	0
385	0	288	0	0	0
386	0	288	0	0	0
387	0	288	0	0	0
388	0	288	0	0	0
389	0	288	0	0	0
390	0	288	0	0	0
391	0	288	0	0	0
392	0	288	0	0	0
393	0	288	0	0	0
394	0	288	0	0	0
395	0	288	0	0	0
396	0	288	0	0	0
397	0	288	0	0	0
398	0	288	0	0	0
399	0	288	0	0	0
400	0	288	0	0	0
401	0	288	0	0	0
402	0	288	0	0	0
403	0	288	0	0	0
404	0	288	0	0	0
405	0	288	0	0	0
406	0	288	0	0	0
407	0	288	0	0	0
408	0	288	0	0	0
409	0	288	0	0	0
410	0	288	0	0	0
411	0	288	0	0	0
412	0	288	0	0	0
413	0	288	0	0	0
414	0	288	0	0	0
415	0	288	0	0	0
416	0	288	0	0	0
417	0	288	0	0	0
418	0	288	0	0	0
419	0	288	0	0	0
420	0	288	0	0	0
421	0	288	0	0	0
422	0	288	0	0	0
423	0	288	0	0	0
424	0	288	0	0	0
425	0	288	0	0	0
426	0	288	0	0	0
427	0	288	0	0	0
428	0	288	0	0	0
429	0	288	0	0	0
430	0	288	0	0	0
431	0	288	0	0	0
432	0	288	0	0	0
433	0	288	0	0	0
434	0	288	0	0	0
435	0	288	0	0	0
436	0	288	0	0	0
437	0	288	0	0	0
438	0	288	0	0	0
439	0	288	0	0	0
440	0	288	0	0	0
441	0	288	0	0	0
442	0	288	0	0	0
443	0	288	0	0	0
444	0	288	0	0	0
445	0	288	0	0	0
446	0	288	0	0	0
447	0	288	0	0	0
448	0	288	0	0	0
449	0	288	0	0	0
450	0	288	0	0	0
451	0	288	0	0	0
452	0	288	0	0	0
453	0	288	0	0	0
454	0	288	0	0	0
455	0	288	0	0	0
456	0	288	0	0	0
457	0	288	0	0	0
458	0	288	0	0	0
459	0	288	0	0	0
460	0	288	0	0	0
461	0	288	0	0	0
462	0	288	0	0	0
463	0	288	0	0	0
464	0	288	0	0	0
465	0	288	0	0	0
466	0	288	0	0	0
467	0	288	0	0	0
468	0	288	0	0	0
469	0	288	0	0	0
470	0	288	0	0	0
471	0	288	0	0	0
472	0	288	0	0	0
473	0	288	0	0	0
474	0	288	0	0	0
475	0	288	0	0	0
476	0	288	0	0	0
477	0	288	0	0	0
478	0	288	0	0	0
479	0	288	0	0	0
480	0	288	0	0	0
481	0	288	0	0	0
482	0	288	0	0	0
483	0	288	0	0	0
484	0	288	0	0	0
485	0	288	0	0	0
486	0	288	0	0	0
487	0	288	0	0	0
488	0	288	0	0	0
489	0	288	0	0	0
490	0	288	0	0	0
491	0	288	0	0	0
492	0	288	0	0	0
493	0	288	0	0	0
494	0	288	0	0	0
495	0	288	0	0	0
496	0	288	0	0	0
497	0	288	0	0	0
498	0	288	0	0	0
499	0	288	0	0	0
500	0	288	0	0	0
501	0	288	0	0	0
502	0	288	0	0	0
503	0	288	0	0	0
504	0	288	0	0	0
505	0	288	0	0	0
506	0	288	0	0	0
507	0	288	0	0	0
508	0	288	0	0	0
509	0	288	0	0	0
510	0	288	0	0	0
511	0	288	0	0	0
512	0	288	0	0	0
513	0	288	0	0	0
514	0	288	0	0	0
515	0	288	0	0	0
516	0	288	0	0	0
517	0	288	0	0	0
518	0	288	0	0	0
519	0	288	0	0	0
520	0	288	0	0	0
521	0	288	0	0	0
522	0	288	0	0	0
523	0	288	0	0	0
524	0	288	0	0	0
525	0	288	0	0	0
526	0	288	0	0	0
527	0	288	0	0	0
528	0	288	0	0	0
529	0	288	0	0	0
530	0	288	0	0	0
531	0	288	0	0	0
532	0	288	0	0	0
533	0	288	0	0	0
534	0	288	0	0	0
535	0	288	0	0	0
536	0	288	0	0	0
537	0	288	0	0	0
538	0	288	0	0	0
539	0	288	0	0	0
540	0	288	0	0	0
541	0	288	0	0	0
542	0	288	0	0	0
543	0	288	0	0	0
544	0	288	0	0	0
545	0	288	0	0	0
546	0	288	0	0	0
547	0	288	0	0	0
548	0	288	0	0	0
549	0	288	0	0	0
550	0	288	0	0	0
551	0	288	0	0	0
552	0	288	0	0	0
553	0	288	0	0	0
554	0	288	0	0	0
555	0	288	0	0	0
556	0	288	0	0	0
557	0	288	0	0	0
558	0	288	0	0	0
559	0	288	0	0	0
560	0	288	0	0	0
561	0	288	0	0	0
562	0	288	0	0	0
563	0	288	0	0	0
564	0	288	0	0	0
565	0	288	0	0	0
566	0	288	0	0	0
567	0	288	0	0	0
568	0	288	0	0	0
569	0	288	0	0	0
570	0	288	0	0	0
571	0	288	0	0	0
572	0	288	0	0	0
573	0	288	0	0	0
574	0	288	0	0	0
575	0	288	0	0	0
576	0	288	0	0	0
577	0	288	0	0	0
578	0	288	0	0	0
579	0	288	0	0	0
580	0	288	0	0	0
581	0	288	0	0	0
582	0	288	0	0	0
583	0	288	0	0	0
584	0	288	0	0	0
585	0	288	0	0	0
586	0	288	0	0	0
587	0	288	0	0	0
588	0	288	0	0	0
589	0	288	0	0	0
590	0	288	0	0	0
591	0	288	0	0	0
592	0	288	0	0	0
593	0	288	0	0	0
594	0	288	0	0	0
595	0	288	0	0	0
596	0	288	0	0	0
597	0	288	0	0	0
598	0	288	0	0	0
599	0	288	0	0	0
600	0	288	0	0	0
601	0	288	0	0	0
602	0	288	0	0	0
603	0	288	0	0	0
604	0	288	0	0	0
605	0	288	0	0	0
606	0	288	0	0	0
607	0	288	0	0	0
608	0	288	0	0	0
609	0	288	0	0	0
610	0	288	0	0	0
611	0	288	0	0	0
612	0	288	0	0	0
613	0	288	0	0	0
614	0	288	0	0	0
615	0	288	0	0	0
616	0	288	0	0	0
617	0	288	0	0	0
618	0	288	0	0	0
619	0	288	0	0	0
620	0	288	0	0	0
621	0	288	0	0	0
622	0	288	0	0	0
623	0	288	0	0	0
624	0	288	0	0	0
625	0	288	0	0	0
626	0	288	0	0	0
627	0	288	0	0	0
628	0	288	0	0	0
629	0	288	0	0	0
630	0	288	0	0	0
631	0	288	0	0	0
632	0	288	0	0	0
633	0	288	0	0	0
634	0	288	0	0	0
635	0	288	0	0	0
636	0	288	0	0	0
637	0	288	0	0	0
638	0	288	0	0	0
639	0	288	0	0	0
640	0	288	0	0	0
641	0	288	0	0	0
642	0	288	0	0	0
643	0	288	0	0	0
644	0	288	0	0	0
645	0	288	0	0	0
646	0	288	0	0	0
647	0	288	0	0	0
648	0	288	0	0	0
649	0	288	0	0	0
650	0	288	0	0	0
651	0	288	0	0	0
652	0	288	0	0	0
653	0	288	0	0	0
654	0	288	0	0	0
655	0	288	0	0	0
656	0	288	0	0	0
657	0	288	0	0	0
658	0	288	0	0	0
659	0	288	0	0	0
660	0	288	0	0	0
661	0	288	0	0	0
662	0	288	0	0	0
663	0	288	0	0	0
664	0	288	0	0	0
665	0	288	0	0	0
666	0	288	0	0	0
667	0	288	0	0	0
668	0	288	0	0	0
669	0	288	0	0	0
670	0	288	0	0	0
671	0	288	0	0	0
672	0	288	0	0	0
673	0	288	0	0	0
674	0	288	0	0	0
675	0	288	0	0	0
676	0	288	0	0	0
677	0	288	0	0	0
678	0	288	0	0	0
679	0	288	0	0	0
680	0	288	0	0	0
681	0	288	0	0	0
682	0	288	0	0	0
683	0	288	0	0	0
684	0	288	0	0	0
685	0	288	0	0	0
686	0	288	0	0	0
687	0	288	0	0	0
688	0	288	0	0	0
689	0	288	0	0	0
690	0	288	0	0	0
691	0	288	0	0	0
692	0	288	0	0	0
693	0	288	0	0	0
694	0	288	0	0	0
695	0	288	0	0	0
696	0	288	0	0	0
697	0	288	0	0	0
698	0	288	0	0	0
699	0	288	0	0	0
700	0	288	0	0	0
701	0	288	0	0	0
702	0	288	0	0	0
703	0	288	0	0	0
704	0	288	0	0	0
705	0	288	0	0	0
706	0	288	0	0	0
707	0	288	0	0	0
708	0	288	0	0	0
709	0	288	0	0	0
710	0	288	0	0	0
711	0	288	0	0	0
712	0	288	0	0	0
713	0	288	0	0	0
714	0	288	0	0	0
715	0	288	0	0	0
716	0	288	0	0	0
717	0	288	0	0	0
718	0	288	0	0	0
719	0	288	0	0	0
720	0	288	0	0	0
721	0	288	0	0	0
722	0	288	0	0	0
723	0	288	0	0	0
724	0	288	0	0	0
725	0	288	0	0	0
726	0	288	0	0	0
727	0	288	0	0	0
728	0	288	0	0	0
729	0	288	0	0	0
730	0	288	0	0	0
731	0	288	0	0	0
732	0	288	0	0	0
733	0	288	0	0	0
734	0	288	0	0	0
735	0	288	0	0	0
736	0	288	0	0	0
737	0	288	0	0	0
738	0	288	0	0	0
739	0	288	0	0	0
740	0	288	0	0	0
741	0	288	0	0	0
742	0	288	0	0	0
743	0	288	0	0	0
744	0	288	0	0	0
745	0	288	0	0	0
746	0	288	0	0	0
747	0	288	0	0	0
748	0	288	0	0	0
749	0	288	0	0	0
750	0	288	0	0	0
751	0	288	0	0	0
752	0	288	0	0	0
753	0	288	0	0	0
754	0	288	0	0	0
755	0	288	0	0	0
756	0	288	0	0	0
757	0	288	0	0	0
758	0	288	0	0	0
759	0	288	0	0	0
760	0	288	0	0	0
761	0	288	0	0	0
762	0	288	0	0	0
763	0	288	0	0	0
764	0	288	0	0	0
765	0	288	0	0	0
766	0	288	0	0	0
767	0	288	0	0	0
768	0	288	0	0	0
769	0	288	0	0	0
770	0	288	0	0	0
771	0	288	0	0	0
772	0	288	0	0	0
773	0	288	0	0	0
774	0	288	0	0	0
775	0	288	0	0	0
776	0	288	0	0	0
777	0	288	0	0	0
778	0	288	0	0	0
779	0	288	0	0	0
780	0	288	0	0	0
781	0	288	0	0	0
782	0	288	0	0	0
783	0	288	0	0	0
784	0	288	0	0	0
785	0	288	0	0	0
786	0	288	0	0	0
787	0	288	0	0	0
788	0	288	0	0	0
789	0	288	0	0	0
790	0	288	0	0	0
791	0	288	0	0	0
792	0	288	0	0	0
793	0	288	0	0	0
794	0	288	0	0	0
795	0	288	0	0	0
796	0	288	0	0	0
797	0	288	0	0	0
798	0	288	0	0	0
799	0	288	0	0	0
800	0	288	0	0	0
801	0	288	0	0	0
802	0	288	0	0	0
803	0	288	0	0	0
804	0	288	0	0	0
805	0	288	0	0	0
806	0	288	0	0	0
807	0	288	0	0	0
808	0	288	0	0	0
809	0	288	0	0	0
810	0	288	0	0	0
811	0	288	0	0	0
812	0	288	0	0	0
813	0	288	0	0	0
814	0	288	0	0	0
815	0	288	0	0	0
816	0	288	0	0	0
817	0	288	0	0	0
818	0	288	0	0	0
819	0	288	0	0	0
820	0	288	0	0	0
821	0	288	0	0	0
822	0	288	0	0	0
823	0	288	0	0	0
824	0	288	0	0	0
825	0	288	0	0	0
826	0	288	0	0	0
827	0	288	0	0	0
828	11	223	14	42	0
829	11	223	14	42	0
830	13	223	14	42	0
831	13	223	14	42	0
832	14	223	14	42	0
833	14	223	14	42	0
834	20	223	14	42	0
835	20	223	14	42	0
836	23	223	14	42	0
837	24	223	14	42	0
838	26	223	14	42	0
839	27	223	14	42	0
840	27	223	14	42	0
841	29	223	14	42	0
842	30	223	14	42	0
843	31	223	14	42	0
844	32	223	14	42	0
845	33	223	14	42	0
846	34	223	14	42	0
847	35	223	14	42	0
848	36	223	14	42	0
849	37	223	14	42	0
850	38	223	14	42	0
851	39	223	14	42	0
852	43	223	14	42	0
853	44	223	14	42	0
854	48	223	14	42	0
855	49	223	14	42	0
856	50	223	14	42	0
857	51	223	14	42	0
858	52	223	14	42	0
859	53	223	14	42	0
860	54	223	14	42	0
861	55	223	14	42	0
862	55	223	14	42	0
863	60	224	12	38	0
864	61	224	12	38	0
865	62	224	12	38	0
866	63	224	12	38	0
867	67	224	12	38	0
868	68	224	12	38	0
869	69	224	12	38	0
870	70	224	12	38	0
871	71	224	12	38	0
872	73	224	12	38	0
873	74	224	12	38	0
874	74	224	12	38	0
875	76	224	12	38	0
876	77	224	12	38	0
877	78	224	12	38	0
878	83	224	12	38	0
879	84	224	12	38	0
880	85	224	12	38	0
881	86	224	12	38	0
882	88	224	12	38	0
883	89	224	12	38	0
884	92	224	12	38	0
885	92	224	12	38	0
886	93	224	12	38	0
887	94	224	12	38	0
888	96	224	12	38	0
889	97	224	12	38	0
890	98	224	12	38	0
891	99	224	12	38	0
892	100	224	12	38	0
893	101	224	12	38	0
894	102	224	12	38	0
895	103	224	12	38	0
896	104	224	12	38	0
897	105	224	12	38	0
898	106	224	12	38	0
899	107	224	12	38	0
900	113	224	12	38	0
901	114	224	12	38	0
902	115	224	12	38	0
903	116	224	12	38	0
904	117	224	12	38	0
905	120	225	12	38	0
906	121	225	12	38	0
907	122	225	12	38	0
908	123	225	12	38	0
909	125	225	12	38	0
910	126	225	12	38	0
911	127	225	12	38	0
912	130	225	12	38	0
913	132	226	12	38	0
914	133	226	12	38	0
915	134	226	12	38	0
916	135	226	12	38	0
917	137	226	12	38	0
918	138	226	12	38	0
919	139	226	12	38	0
920	140	226	12	38	0
921	141	226	12	38	0
922	145	226	12	38	0
923	146	226	12	38	0
924	147	226	12	38	0
925	148	226	12	38	0
926	149	226	12	38	0
927	150	226	12	38	0
928	152	227	12	38	0
929	152	227	12	38	0
930	154	227	12	38	0
931	156	227	12	38	0
932	158	227	12	38	0
933	159	227	12	38	0
934	160	227	12	38	0
935	161	227	12	38	0
936	162	227	12	38	0
937	163	227	12	38	0
938	164	227	12	38	0
939	168	227	12	38	0
940	170	227	12	38	0
941	171	227	12	38	0
942	172	227	12	38	0
943	174	227	12	38	0
944	175	227	12	38	0
945	177	227	12	38	0
946	178	227	12	38	0
947	179	227	12	38	0
948	179	227	12	38	0
949	181	227	12	38	0
950	181	227	12	38	0
951	182	227	12	38	0
952	183	227	12	38	0
953	185	227	12	38	0
954	186	227	12	38	0
955	187	227	12	38	0
956	188	227	12	38	0
957	189	227	12	38	0
958	190	227	12	38	0
959	194	227	12	38	0
960	194	227	12	38	0
961	196	227	12	38	0
962	197	227	12	38	0
963	201	227	12	38	0
964	202	227	12	38	0
965	203	227	12	38	0
966	204	227	12	38	0
967	205	227	12	38	0
968	209	227	12	38	0
969	210	227	12	38	0
970	211	227	12	38	0
971	212	227	12	38	0
972	213	227	12	38	0
973	214	227	12	38	0
974	215	227	12	38	0
975	216	227	12	38	0
976	217	227	12	38	0
977	218	227	12	38	0
978	219	227	12	38	0
979	220	227	12	38	0
980	220	227	12	38	0
981	221	227	12	38	0
982	222	225	12	38	0
983	222	225	12	38	0
984	224	225	12	38	0
985	225	225	12	38	0
986	226	225	12	38	0
987	226	225	12	38	0
988	227	225	12	38	0
989	228	225	12	38	0
990	231	222	12	38	0
991	232	222	12	38	0
992	233	222	12	38	0
993	234	222	12	38	0
994	237	222	12	38	0
995	238	222	12	38	0
996	239	222	12	38	0
997	240	222	12	38	0
998	241	222	12	38	0
999	241	222	12	38	0
1000	241	222	12	38	0
1001	242	222	12	38	0
1002	243	222	12	38	0
1003	244	222	12	38	0
1004	245	222	12	38	0
1005	246	222	12	38	0
1006	247	222	12	38	0
1007	248	223	12	38	0
1008	249	223	12	38	0
1009	250	223	12	38	0
1010	251	223	12	38	0
1011	252	223	12	38	0
1012	252	223	12	38	0
1013	253	223	12	38	0
1014	254	223	12	38	0
1015	255	223	12	38	0
1016	256	223	12	38	0
1017	257	223	12	38	0
1018	258	223	12	38	0
1019	259	226	12	38	0
1020	260	226	12	38	0
1021	262	226	12	38	0
1022	263	226	12	38	0
1023	264	226	12	38	0
1024	264	226	12	38	0
1025	266	226	12	38	0
1026	267	226	12	38	0
1027	267	226	12	38	0
1028	269	226	12	38	0
1029	270	226	12	38	0
1030	272	226	12	38	0
1031	274	226	12	38	0
1032	275	226	12	38	0
1033	276	228	12	38	0
1034	278	228	12	38	0
1035	278	228	12	38	0
1036	280	228	12	38	0
1037	280	228	12	38	0
1038	281	228	12	38	0
1039	282	228	12	38	0
1040	283	228	12	38	0
1041	284	228	12	38	0
1042	285	228	12	38	0
1043	286	232	12	38	0
1044	288	232	12	38	0
1045	288	232	12	38	0
1046	289	232	12	38	0
1047	290	232	12	38	0
1048	292	232	12	38	0
1049	293	232	12	38	0
1050	294	232	12	38	0
1051	295	232	12	38	0
1052	296	232	12	38	0
1053	297	232	12	38	0
1054	298	232	12	38	0
1055	299	232	12	38	0
1056	300	232	12	38	0
1057	306	236	12	38	0
1058	306	236	12	38	0
1059	306	236	12	38	0
1060	308	236	12	38	0
1061	309	236	12	38	0
1062	312	236	12	38	0
1063	313	236	12	38	0
1064	314	236	12	38	0
1065	315	236	12	38	0
1066	316	236	12	38	0
1067	317	236	12	38	0
1068	321	238	12	40	0
1069	321	238	12	40	0
1070	322	238	12	40	0
1071	325	238	12	40	0
1072	329	240	12	40	0
1073	329	240	12	40	0
1074	330	240	12	40	0
1075	331	240	12	40	0
1076	332	240	12	40	0
1077	333	240	12	40	0
1078	334	240	12	40	0
1079	335	240	12	40	0
1080	343	242	12	40	0
1081	344	242	12	40	0
1082	345	242	12	40	0
1083	346	242	12	40	0
1084	347	245	12	40	0
1085	348	246	12	40	0
1086	349	246	12	40	0
1087	351	246	12	40	0
1088	352	246	12	40	0
1089	354	246	12	40	0
1090	355	246	12	40	0
1091	355	246	12	40	0
1092	355	246	12	40	0
1093	355	246	12	40	0
1094	355	246	12	40	0
1095	355	246	12	40	0
1096	355	246	12	40	0
1097	355	246	12	40	0
1098	355	246	12	40	0
1099	355	246	12	40	0
