1	0	288	0	0	0
2	0	288	0	0	0
3	0	288	0	0	0
4	0	288	0	0	0
5	0	288	0	0	0
6	0	288	0	0	0
7	0	288	0	0	0
8	0	288	0	0	0
9	0	288	0	0	0
10	0	288	0	0	0
11	0	288	0	0	0
12	0	288	0	0	0
13	0	288	0	0	0
14	0	288	0	0	0
15	0	288	0	0	0
16	0	288	0	0	0
17	0	288	0	0	0
18	0	288	0	0	0
19	0	288	0	0	0
20	0	288	0	0	0
21	0	288	0	0	0
22	0	288	0	0	0
23	0	288	0	0	0
24	0	288	0	0	0
25	0	288	0	0	0
26	0	288	0	0	0
27	0	288	0	0	0
28	0	288	0	0	0
29	0	288	0	0	0
30	0	288	0	0	0
31	0	288	0	0	0
32	0	288	0	0	0
33	0	288	0	0	0
34	0	288	0	0	0
35	0	288	0	0	0
36	0	288	0	0	0
37	0	288	0	0	0
38	0	288	0	0	0
39	0	288	0	0	0
40	0	288	0	0	0
41	0	288	0	0	0
42	0	288	0	0	0
43	0	288	0	0	0
44	0	288	0	0	0
45	0	288	0	0	0
46	0	288	0	0	0
47	0	288	0	0	0
48	0	288	0	0	0
49	0	288	0	0	0
50	0	288	0	0	0
51	0	288	0	0	0
52	0	288	0	0	0
53	0	288	0	0	0
54	0	288	0	0	0
55	0	288	0	0	0
56	0	288	0	0	0
57	0	288	0	0	0
58	0	288	0	0	0
59	0	288	0	0	0
60	0	288	0	0	0
61	0	288	0	0	0
62	0	288	0	0	0
63	0	288	0	0	0
64	0	288	0	0	0
65	0	288	0	0	0
66	0	288	0	0	0
67	0	288	0	0	0
68	0	288	0	0	0
69	0	288	0	0	0
70	0	288	0	0	0
71	0	288	0	0	0
72	0	288	0	0	0
73	0	288	0	0	0
74	0	288	0	0	0
75	0	288	0	0	0
76	0	288	0	0	0
77	0	288	0	0	0
78	0	288	0	0	0
79	0	288	0	0	0
80	0	288	0	0	0
81	0	288	0	0	0
82	0	288	0	0	0
83	0	288	0	0	0
84	0	288	0	0	0
85	0	288	0	0	0
86	0	288	0	0	0
87	0	288	0	0	0
88	0	288	0	0	0
89	0	288	0	0	0
90	0	288	0	0	0
91	0	288	0	0	0
92	0	288	0	0	0
93	0	288	0	0	0
94	0	288	0	0	0
95	0	288	0	0	0
96	0	288	0	0	0
97	0	288	0	0	0
98	0	288	0	0	0
99	0	288	0	0	0
100	0	288	0	0	0
101	0	288	0	0	0
102	0	288	0	0	0
103	0	288	0	0	0
104	0	288	0	0	0
105	0	288	0	0	0
106	0	288	0	0	0
107	0	288	0	0	0
108	0	288	0	0	0
109	0	288	0	0	0
110	0	288	0	0	0
111	0	288	0	0	0
112	0	288	0	0	0
113	0	288	0	0	0
114	0	288	0	0	0
115	0	288	0	0	0
116	0	288	0	0	0
117	0	288	0	0	0
118	0	288	0	0	0
119	0	288	0	0	0
120	0	288	0	0	0
121	0	288	0	0	0
122	0	288	0	0	0
123	0	288	0	0	0
124	0	288	0	0	0
125	0	288	0	0	0
126	0	288	0	0	0
127	0	288	0	0	0
128	0	288	0	0	0
129	0	288	0	0	0
130	0	288	0	0	0
131	0	288	0	0	0
132	0	288	0	0	0
133	0	288	0	0	0
134	0	288	0	0	0
135	0	288	0	0	0
136	0	288	0	0	0
137	0	288	0	0	0
138	0	288	0	0	0
139	0	288	0	0	0
140	0	288	0	0	0
141	0	288	0	0	0
142	0	288	0	0	0
143	0	288	0	0	0
144	0	288	0	0	0
145	0	288	0	0	0
146	0	288	0	0	0
147	0	288	0	0	0
148	0	288	0	0	0
149	0	288	0	0	0
150	0	288	0	0	0
151	0	288	0	0	0
152	0	288	0	0	0
153	0	288	0	0	0
154	0	288	0	0	0
155	0	288	0	0	0
156	0	288	0	0	0
157	0	288	0	0	0
158	0	288	0	0	0
159	0	288	0	0	0
160	0	288	0	0	0
161	0	288	0	0	0
162	0	288	0	0	0
163	0	288	0	0	0
164	0	288	0	0	0
165	0	288	0	0	0
166	0	288	0	0	0
167	0	288	0	0	0
168	0	288	0	0	0
169	0	288	0	0	0
170	0	288	0	0	0
171	0	288	0	0	0
172	0	288	0	0	0
173	0	288	0	0	0
174	0	288	0	0	0
175	0	288	0	0	0
176	0	288	0	0	0
177	0	288	0	0	0
178	0	288	0	0	0
179	0	288	0	0	0
180	0	288	0	0	0
181	0	288	0	0	0
182	0	288	0	0	0
183	0	288	0	0	0
184	0	288	0	0	0
185	0	288	0	0	0
186	0	288	0	0	0
187	0	288	0	0	0
188	0	288	0	0	0
189	0	288	0	0	0
190	0	288	0	0	0
191	0	288	0	0	0
192	0	288	0	0	0
193	0	288	0	0	0
194	0	288	0	0	0
195	0	288	0	0	0
196	0	288	0	0	0
197	0	288	0	0	0
198	0	288	0	0	0
199	0	288	0	0	0
200	0	288	0	0	0
201	0	288	0	0	0
202	0	288	0	0	0
203	0	288	0	0	0
204	0	288	0	0	0
205	0	288	0	0	0
206	0	288	0	0	0
207	0	288	0	0	0
208	0	288	0	0	0
209	0	288	0	0	0
210	0	288	0	0	0
211	0	288	0	0	0
212	0	288	0	0	0
213	0	288	0	0	0
214	0	288	0	0	0
215	0	288	0	0	0
216	0	288	0	0	0
217	0	288	0	0	0
218	0	288	0	0	0
219	0	288	0	0	0
220	0	288	0	0	0
221	0	288	0	0	0
222	0	288	0	0	0
223	0	288	0	0	0
224	0	288	0	0	0
225	0	288	0	0	0
226	0	288	0	0	0
227	0	288	0	0	0
228	0	288	0	0	0
229	0	288	0	0	0
230	0	288	0	0	0
231	0	288	0	0	0
232	0	288	0	0	0
233	0	288	0	0	0
234	0	288	0	0	0
235	0	288	0	0	0
236	0	288	0	0	0
237	0	288	0	0	0
238	0	288	0	0	0
239	0	288	0	0	0
240	0	288	0	0	0
241	0	288	0	0	0
242	0	288	0	0	0
243	0	288	0	0	0
244	0	288	0	0	0
245	0	288	0	0	0
246	0	288	0	0	0
247	0	288	0	0	0
248	0	288	0	0	0
249	0	288	0	0	0
250	0	288	0	0	0
251	0	288	0	0	0
252	0	288	0	0	0
253	0	288	0	0	0
254	0	288	0	0	0
255	0	288	0	0	0
256	0	288	0	0	0
257	0	288	0	0	0
258	0	288	0	0	0
259	0	288	0	0	0
260	0	288	0	0	0
261	0	288	0	0	0
262	0	288	0	0	0
263	0	288	0	0	0
264	0	288	0	0	0
265	0	288	0	0	0
266	0	288	0	0	0
267	0	288	0	0	0
268	0	288	0	0	0
269	0	288	0	0	0
270	0	288	0	0	0
271	0	288	0	0	0
272	0	288	0	0	0
273	0	288	0	0	0
274	0	288	0	0	0
275	0	288	0	0	0
276	0	288	0	0	0
277	0	288	0	0	0
278	0	288	0	0	0
279	0	288	0	0	0
280	0	288	0	0	0
281	0	288	0	0	0
282	0	288	0	0	0
283	0	288	0	0	0
284	0	288	0	0	0
285	0	288	0	0	0
286	0	288	0	0	0
287	0	288	0	0	0
288	0	288	0	0	0
289	0	288	0	0	0
290	0	288	0	0	0
291	0	288	0	0	0
292	0	288	0	0	0
293	0	288	0	0	0
294	0	288	0	0	0
295	0	288	0	0	0
296	0	288	0	0	0
297	0	288	0	0	0
298	0	288	0	0	0
299	0	288	0	0	0
300	0	288	0	0	0
301	0	288	0	0	0
302	0	288	0	0	0
303	0	288	0	0	0
304	0	288	0	0	0
305	0	288	0	0	0
306	0	288	0	0	0
307	0	288	0	0	0
308	0	288	0	0	0
309	0	288	0	0	0
310	0	288	0	0	0
311	0	288	0	0	0
312	0	288	0	0	0
313	0	288	0	0	0
314	0	288	0	0	0
315	0	288	0	0	0
316	0	288	0	0	0
317	0	288	0	0	0
318	0	288	0	0	0
319	0	288	0	0	0
320	0	288	0	0	0
321	0	288	0	0	0
322	0	288	0	0	0
323	0	288	0	0	0
324	0	288	0	0	0
325	0	288	0	0	0
326	0	288	0	0	0
327	0	288	0	0	0
328	0	288	0	0	0
329	0	288	0	0	0
330	0	288	0	0	0
331	0	288	0	0	0
332	0	288	0	0	0
333	0	288	0	0	0
334	0	288	0	0	0
335	0	288	0	0	0
336	0	288	0	0	0
337	0	288	0	0	0
338	0	288	0	0	0
339	0	288	0	0	0
340	0	288	0	0	0
341	0	288	0	0	0
342	0	288	0	0	0
343	0	288	0	0	0
344	0	288	0	0	0
345	0	288	0	0	0
346	0	288	0	0	0
347	0	288	0	0	0
348	0	288	0	0	0
349	0	288	0	0	0
350	0	288	0	0	0
351	0	288	0	0	0
352	0	288	0	0	0
353	0	288	0	0	0
354	0	288	0	0	0
355	0	288	0	0	0
356	0	288	0	0	0
357	0	288	0	0	0
358	0	288	0	0	0
359	0	288	0	0	0
360	0	288	0	0	0
361	0	288	0	0	0
362	0	288	0	0	0
363	0	288	0	0	0
364	0	288	0	0	0
365	0	288	0	0	0
366	0	288	0	0	0
367	0	288	0	0	0
368	0	288	0	0	0
369	0	288	0	0	0
370	0	288	0	0	0
371	0	288	0	0	0
372	0	288	0	0	0
373	0	288	0	0	0
374	0	288	0	0	0
375	0	288	0	0	0
376	0	288	0	0	0
377	0	288	0	0	0
378	0	288	0	0	0
379	0	288	0	0	0
380	0	288	0	0	0
381	0	288	0	0	0
382	0	288	0	0	0
383	0	288	0	0	0
384	0	288	0	0	0
385	0	288	0	0	0
386	0	288	0	0	0
387	0	288	0	0	0
388	0	288	0	0	0
389	0	288	0	0	0
390	0	288	0	0	0
391	0	288	0	0	0
392	0	288	0	0	0
393	0	288	0	0	0
394	0	288	0	0	0
395	0	288	0	0	0
396	0	288	0	0	0
397	0	288	0	0	0
398	0	288	0	0	0
399	0	288	0	0	0
400	0	288	0	0	0
401	0	288	0	0	0
402	0	288	0	0	0
403	0	288	0	0	0
404	0	288	0	0	0
405	0	288	0	0	0
406	0	288	0	0	0
407	0	288	0	0	0
408	0	288	0	0	0
409	0	288	0	0	0
410	0	288	0	0	0
411	0	288	0	0	0
412	0	288	0	0	0
413	0	288	0	0	0
414	0	288	0	0	0
415	0	288	0	0	0
416	0	288	0	0	0
417	0	288	0	0	0
418	0	288	0	0	0
419	0	288	0	0	0
420	0	288	0	0	0
421	0	288	0	0	0
422	0	288	0	0	0
423	0	288	0	0	0
424	0	288	0	0	0
425	0	288	0	0	0
426	0	288	0	0	0
427	0	288	0	0	0
428	0	288	0	0	0
429	0	288	0	0	0
430	0	288	0	0	0
431	0	288	0	0	0
432	0	288	0	0	0
433	0	288	0	0	0
434	0	288	0	0	0
435	0	288	0	0	0
436	0	288	0	0	0
437	0	288	0	0	0
438	0	288	0	0	0
439	0	288	0	0	0
440	0	288	0	0	0
441	0	288	0	0	0
442	0	288	0	0	0
443	0	288	0	0	0
444	0	288	0	0	0
445	0	288	0	0	0
446	0	288	0	0	0
447	0	288	0	0	0
448	0	288	0	0	0
449	0	288	0	0	0
450	0	288	0	0	0
451	0	288	0	0	0
452	0	288	0	0	0
453	0	288	0	0	0
454	0	288	0	0	0
455	0	288	0	0	0
456	0	288	0	0	0
457	0	288	0	0	0
458	0	288	0	0	0
459	0	288	0	0	0
460	0	288	0	0	0
461	0	288	0	0	0
462	0	288	0	0	0
463	0	288	0	0	0
464	0	288	0	0	0
465	0	288	0	0	0
466	0	288	0	0	0
467	0	288	0	0	0
468	0	288	0	0	0
469	0	288	0	0	0
470	0	288	0	0	0
471	0	288	0	0	0
472	0	288	0	0	0
473	0	288	0	0	0
474	0	288	0	0	0
475	0	288	0	0	0
476	0	288	0	0	0
477	0	288	0	0	0
478	0	288	0	0	0
479	0	288	0	0	0
480	0	288	0	0	0
481	0	288	0	0	0
482	0	288	0	0	0
483	0	288	0	0	0
484	0	288	0	0	0
485	0	288	0	0	0
486	0	288	0	0	0
487	0	288	0	0	0
488	0	288	0	0	0
489	0	288	0	0	0
490	0	288	0	0	0
491	0	288	0	0	0
492	0	288	0	0	0
493	0	288	0	0	0
494	0	288	0	0	0
495	0	288	0	0	0
496	0	288	0	0	0
497	0	288	0	0	0
498	0	288	0	0	0
499	0	288	0	0	0
500	0	288	0	0	0
501	0	288	0	0	0
502	0	288	0	0	0
503	0	288	0	0	0
504	0	288	0	0	0
505	0	288	0	0	0
506	0	288	0	0	0
507	0	288	0	0	0
508	0	288	0	0	0
509	0	288	0	0	0
510	0	288	0	0	0
511	0	288	0	0	0
512	0	288	0	0	0
513	0	288	0	0	0
514	0	288	0	0	0
515	0	288	0	0	0
516	0	288	0	0	0
517	0	288	0	0	0
518	0	288	0	0	0
519	0	288	0	0	0
520	0	288	0	0	0
521	0	288	0	0	0
522	0	288	0	0	0
523	0	288	0	0	0
524	0	288	0	0	0
525	0	288	0	0	0
526	0	288	0	0	0
527	0	288	0	0	0
528	0	288	0	0	0
529	0	288	0	0	0
530	0	288	0	0	0
531	0	288	0	0	0
532	0	288	0	0	0
533	0	288	0	0	0
534	0	288	0	0	0
535	0	288	0	0	0
536	0	288	0	0	0
537	0	288	0	0	0
538	0	288	0	0	0
539	0	288	0	0	0
540	0	288	0	0	0
541	0	288	0	0	0
542	0	288	0	0	0
543	0	288	0	0	0
544	0	288	0	0	0
545	0	288	0	0	0
546	0	288	0	0	0
547	0	288	0	0	0
548	0	288	0	0	0
549	0	288	0	0	0
550	0	288	0	0	0
551	0	288	0	0	0
552	0	288	0	0	0
553	0	288	0	0	0
554	0	288	0	0	0
555	0	288	0	0	0
556	0	288	0	0	0
557	0	288	0	0	0
558	0	288	0	0	0
559	0	288	0	0	0
560	0	288	0	0	0
561	0	288	0	0	0
562	0	288	0	0	0
563	0	288	0	0	0
564	0	288	0	0	0
565	0	288	0	0	0
566	0	288	0	0	0
567	0	288	0	0	0
568	0	288	0	0	0
569	0	288	0	0	0
570	0	288	0	0	0
571	0	288	0	0	0
572	0	288	0	0	0
573	0	288	0	0	0
574	0	288	0	0	0
575	0	288	0	0	0
576	0	288	0	0	0
577	0	288	0	0	0
578	0	288	0	0	0
579	0	288	0	0	0
580	0	288	0	0	0
581	0	288	0	0	0
582	0	288	0	0	0
583	0	288	0	0	0
584	0	288	0	0	0
585	0	288	0	0	0
586	0	288	0	0	0
587	0	288	0	0	0
588	0	288	0	0	0
589	0	288	0	0	0
590	0	288	0	0	0
591	0	288	0	0	0
592	0	288	0	0	0
593	0	288	0	0	0
594	0	288	0	0	0
595	0	288	0	0	0
596	0	288	0	0	0
597	0	288	0	0	0
598	0	288	0	0	0
599	0	288	0	0	0
600	0	288	0	0	0
601	0	288	0	0	0
602	0	288	0	0	0
603	0	288	0	0	0
604	0	288	0	0	0
605	0	288	0	0	0
606	0	288	0	0	0
607	0	288	0	0	0
608	0	288	0	0	0
609	0	288	0	0	0
610	0	288	0	0	0
611	0	288	0	0	0
612	0	288	0	0	0
613	0	288	0	0	0
614	0	288	0	0	0
615	0	288	0	0	0
616	0	288	0	0	0
617	0	288	0	0	0
618	0	288	0	0	0
619	0	288	0	0	0
620	0	288	0	0	0
621	0	288	0	0	0
622	0	288	0	0	0
623	0	288	0	0	0
624	0	288	0	0	0
625	0	288	0	0	0
626	0	288	0	0	0
627	0	288	0	0	0
628	0	288	0	0	0
629	0	288	0	0	0
630	0	288	0	0	0
631	0	288	0	0	0
632	0	288	0	0	0
633	0	288	0	0	0
634	0	288	0	0	0
635	0	288	0	0	0
636	0	288	0	0	0
637	0	288	0	0	0
638	0	288	0	0	0
639	0	288	0	0	0
640	0	288	0	0	0
641	0	288	0	0	0
642	0	288	0	0	0
643	0	288	0	0	0
644	0	288	0	0	0
645	0	288	0	0	0
646	0	288	0	0	0
647	0	288	0	0	0
648	0	288	0	0	0
649	0	288	0	0	0
650	0	288	0	0	0
651	0	288	0	0	0
652	0	288	0	0	0
653	0	288	0	0	0
654	0	288	0	0	0
655	0	288	0	0	0
656	0	288	0	0	0
657	0	288	0	0	0
658	0	288	0	0	0
659	0	288	0	0	0
660	0	288	0	0	0
661	0	288	0	0	0
662	0	288	0	0	0
663	0	288	0	0	0
664	0	288	0	0	0
665	0	288	0	0	0
666	0	288	0	0	0
667	0	288	0	0	0
668	0	288	0	0	0
669	0	288	0	0	0
670	0	288	0	0	0
671	0	288	0	0	0
672	0	288	0	0	0
673	0	288	0	0	0
674	0	288	0	0	0
675	0	288	0	0	0
676	0	288	0	0	0
677	0	288	0	0	0
678	0	288	0	0	0
679	0	288	0	0	0
680	0	288	0	0	0
681	0	288	0	0	0
682	0	288	0	0	0
683	0	288	0	0	0
684	0	288	0	0	0
685	0	288	0	0	0
686	0	288	0	0	0
687	0	288	0	0	0
688	0	288	0	0	0
689	0	288	0	0	0
690	0	288	0	0	0
691	0	288	0	0	0
692	0	288	0	0	0
693	0	288	0	0	0
694	0	288	0	0	0
695	0	288	0	0	0
696	0	288	0	0	0
697	0	288	0	0	0
698	0	288	0	0	0
699	0	288	0	0	0
700	0	288	0	0	0
701	0	288	0	0	0
702	0	288	0	0	0
703	0	288	0	0	0
704	0	288	0	0	0
705	0	288	0	0	0
706	0	288	0	0	0
707	0	288	0	0	0
708	0	288	0	0	0
709	0	288	0	0	0
710	0	288	0	0	0
711	0	288	0	0	0
712	0	288	0	0	0
713	0	288	0	0	0
714	0	288	0	0	0
715	0	288	0	0	0
716	0	288	0	0	0
717	0	288	0	0	0
718	0	288	0	0	0
719	0	288	0	0	0
720	0	288	0	0	0
721	0	288	0	0	0
722	0	288	0	0	0
723	0	288	0	0	0
724	0	288	0	0	0
725	0	288	0	0	0
726	0	288	0	0	0
727	0	288	0	0	0
728	0	288	0	0	0
729	0	288	0	0	0
730	0	288	0	0	0
731	0	288	0	0	0
732	0	288	0	0	0
733	0	288	0	0	0
734	0	288	0	0	0
735	0	288	0	0	0
736	0	288	0	0	0
737	0	288	0	0	0
738	0	288	0	0	0
739	0	288	0	0	0
740	0	288	0	0	0
741	0	288	0	0	0
742	0	288	0	0	0
743	0	288	0	0	0
744	0	288	0	0	0
745	0	288	0	0	0
746	0	288	0	0	0
747	0	288	0	0	0
748	0	288	0	0	0
749	0	288	0	0	0
750	0	288	0	0	0
751	0	288	0	0	0
752	0	288	0	0	0
753	0	288	0	0	0
754	0	288	0	0	0
755	0	288	0	0	0
756	0	288	0	0	0
757	0	288	0	0	0
758	0	288	0	0	0
759	0	288	0	0	0
760	0	288	0	0	0
761	0	288	0	0	0
762	0	288	0	0	0
763	0	288	0	0	0
764	0	288	0	0	0
765	0	288	0	0	0
766	0	288	0	0	0
767	0	288	0	0	0
768	0	288	0	0	0
769	0	288	0	0	0
770	0	288	0	0	0
771	0	288	0	0	0
772	0	288	0	0	0
773	0	288	0	0	0
774	0	288	0	0	0
775	0	288	0	0	0
776	0	288	0	0	0
777	0	288	0	0	0
778	0	288	0	0	0
779	0	288	0	0	0
780	0	288	0	0	0
781	0	288	0	0	0
782	0	288	0	0	0
783	0	288	0	0	0
784	0	288	0	0	0
785	0	288	0	0	0
786	0	288	0	0	0
787	0	288	0	0	0
788	0	288	0	0	0
789	0	288	0	0	0
790	0	288	0	0	0
791	0	288	0	0	0
792	0	288	0	0	0
793	0	288	0	0	0
794	0	288	0	0	0
795	0	288	0	0	0
796	0	288	0	0	0
797	0	288	0	0	0
798	0	288	0	0	0
799	0	288	0	0	0
800	0	288	0	0	0
801	0	288	0	0	0
802	0	288	0	0	0
803	0	288	0	0	0
804	0	288	0	0	0
805	0	288	0	0	0
806	0	288	0	0	0
807	0	288	0	0	0
808	0	288	0	0	0
809	0	288	0	0	0
810	0	288	0	0	0
811	0	288	0	0	0
812	0	288	0	0	0
813	0	288	0	0	0
814	0	288	0	0	0
815	0	288	0	0	0
816	0	288	0	0	0
817	0	288	0	0	0
818	0	288	0	0	0
819	0	288	0	0	0
820	0	288	0	0	0
821	0	288	0	0	0
822	0	288	0	0	0
823	0	288	0	0	0
824	0	288	0	0	0
825	0	288	0	0	0
826	0	288	0	0	0
827	0	288	0	0	0
828	0	288	0	0	0
829	0	288	0	0	0
830	0	288	0	0	0
831	0	288	0	0	0
832	0	288	0	0	0
833	0	288	0	0	0
834	0	288	0	0	0
835	0	288	0	0	0
836	0	288	0	0	0
837	0	288	0	0	0
838	0	288	0	0	0
839	0	288	0	0	0
840	0	288	0	0	0
841	0	288	0	0	0
842	0	288	0	0	0
843	0	288	0	0	0
844	0	288	0	0	0
845	0	288	0	0	0
846	0	288	0	0	0
847	0	288	0	0	0
848	0	288	0	0	0
849	0	288	0	0	0
850	0	288	0	0	0
851	0	288	0	0	0
852	0	288	0	0	0
853	0	288	0	0	0
854	0	288	0	0	0
855	0	288	0	0	0
856	0	288	0	0	0
857	0	288	0	0	0
858	0	288	0	0	0
859	0	288	0	0	0
860	0	288	0	0	0
861	0	288	0	0	0
862	0	288	0	0	0
863	0	288	0	0	0
864	0	288	0	0	0
865	0	288	0	0	0
866	0	288	0	0	0
867	0	288	0	0	0
868	0	288	0	0	0
869	0	288	0	0	0
870	0	288	0	0	0
871	0	288	0	0	0
872	0	288	0	0	0
873	0	288	0	0	0
874	0	288	0	0	0
875	0	288	0	0	0
876	0	288	0	0	0
877	0	288	0	0	0
878	0	288	0	0	0
879	0	288	0	0	0
880	0	288	0	0	0
881	0	288	0	0	0
882	0	288	0	0	0
883	0	288	0	0	0
884	0	288	0	0	0
885	0	288	0	0	0
886	0	288	0	0	0
887	0	288	0	0	0
888	0	288	0	0	0
889	0	288	0	0	0
890	0	288	0	0	0
891	0	288	0	0	0
892	0	288	0	0	0
893	0	288	0	0	0
894	0	288	0	0	0
895	0	288	0	0	0
896	0	288	0	0	0
897	0	288	0	0	0
898	0	288	0	0	0
899	0	288	0	0	0
900	0	288	0	0	0
901	0	288	0	0	0
902	0	288	0	0	0
903	0	288	0	0	0
904	0	288	0	0	0
905	0	288	0	0	0
906	0	288	0	0	0
907	0	288	0	0	0
908	0	288	0	0	0
909	0	288	0	0	0
910	0	288	0	0	0
911	0	288	0	0	0
912	0	288	0	0	0
913	0	288	0	0	0
914	0	288	0	0	0
915	0	288	0	0	0
916	0	288	0	0	0
917	0	288	0	0	0
918	0	288	0	0	0
919	0	288	0	0	0
920	0	288	0	0	0
921	0	288	0	0	0
922	0	288	0	0	0
923	0	288	0	0	0
924	0	288	0	0	0
925	0	288	0	0	0
926	0	288	0	0	0
927	0	288	0	0	0
928	0	288	0	0	0
929	0	288	0	0	0
930	0	288	0	0	0
931	0	288	0	0	0
932	0	288	0	0	0
933	0	288	0	0	0
934	0	288	0	0	0
935	0	288	0	0	0
936	0	288	0	0	0
937	0	288	0	0	0
938	0	288	0	0	0
939	0	288	0	0	0
940	0	288	0	0	0
941	0	288	0	0	0
942	0	288	0	0	0
943	0	288	0	0	0
944	0	288	0	0	0
945	0	288	0	0	0
946	0	288	0	0	0
947	0	288	0	0	0
948	0	288	0	0	0
949	0	288	0	0	0
950	0	288	0	0	0
951	0	288	0	0	0
952	0	288	0	0	0
953	0	288	0	0	0
954	0	288	0	0	0
955	0	288	0	0	0
956	0	288	0	0	0
957	0	288	0	0	0
958	0	288	0	0	0
959	0	288	0	0	0
960	0	288	0	0	0
961	0	288	0	0	0
962	0	288	0	0	0
963	0	288	0	0	0
964	0	288	0	0	0
965	0	288	0	0	0
966	0	288	0	0	0
967	0	288	0	0	0
968	0	288	0	0	0
969	0	288	0	0	0
970	0	288	0	0	0
971	0	288	0	0	0
972	0	288	0	0	0
973	0	288	0	0	0
974	0	288	0	0	0
975	0	288	0	0	0
976	0	288	0	0	0
977	0	288	0	0	0
978	0	288	0	0	0
979	0	288	0	0	0
980	0	288	0	0	0
981	0	288	0	0	0
982	0	288	0	0	0
983	0	288	0	0	0
984	0	288	0	0	0
985	0	288	0	0	0
986	0	288	0	0	0
987	0	288	0	0	0
988	0	288	0	0	0
989	0	288	0	0	0
990	0	288	0	0	0
991	0	288	0	0	0
992	0	288	0	0	0
993	0	288	0	0	0
994	0	288	0	0	0
995	0	288	0	0	0
996	0	288	0	0	0
997	0	288	0	0	0
998	0	288	0	0	0
999	0	288	0	0	0
1000	0	288	0	0	0
1001	0	288	0	0	0
1002	0	288	0	0	0
1003	0	288	0	0	0
1004	0	288	0	0	0
1005	0	288	0	0	0
1006	0	288	0	0	0
1007	0	288	0	0	0
1008	0	288	0	0	0
1009	0	288	0	0	0
1010	0	288	0	0	0
1011	0	288	0	0	0
1012	0	288	0	0	0
1013	0	288	0	0	0
1014	0	288	0	0	0
1015	0	288	0	0	0
1016	0	288	0	0	0
1017	0	288	0	0	0
1018	0	288	0	0	0
1019	0	288	0	0	0
1020	0	288	0	0	0
1021	0	288	0	0	0
1022	0	288	0	0	0
1023	0	288	0	0	0
1024	0	288	0	0	0
1025	0	288	0	0	0
1026	0	288	0	0	0
1027	0	288	0	0	0
1028	0	288	0	0	0
1029	0	288	0	0	0
1030	0	288	0	0	0
1031	0	288	0	0	0
1032	0	288	0	0	0
1033	0	288	0	0	0
1034	0	288	0	0	0
1035	0	288	0	0	0
1036	0	288	0	0	0
1037	0	288	0	0	0
1038	0	288	0	0	0
1039	0	288	0	0	0
1040	0	288	0	0	0
1041	0	288	0	0	0
1042	0	288	0	0	0
1043	0	288	0	0	0
1044	0	288	0	0	0
1045	0	288	0	0	0
1046	0	288	0	0	0
1047	0	288	0	0	0
1048	0	288	0	0	0
1049	0	288	0	0	0
1050	0	288	0	0	0
1051	0	288	0	0	0
1052	0	288	0	0	0
1053	0	288	0	0	0
1054	0	288	0	0	0
1055	0	288	0	0	0
1056	0	288	0	0	0
1057	0	288	0	0	0
1058	0	288	0	0	0
1059	0	288	0	0	0
1060	0	288	0	0	0
1061	0	288	0	0	0
1062	0	288	0	0	0
1063	0	288	0	0	0
1064	0	288	0	0	0
1065	0	288	0	0	0
1066	0	288	0	0	0
1067	0	288	0	0	0
1068	0	288	0	0	0
1069	0	288	0	0	0
1070	0	288	0	0	0
1071	0	288	0	0	0
1072	0	288	0	0	0
1073	0	288	0	0	0
1074	0	288	0	0	0
1075	0	288	0	0	0
1076	0	288	0	0	0
1077	0	288	0	0	0
1078	0	288	0	0	0
1079	0	288	0	0	0
1080	0	288	0	0	0
1081	0	288	0	0	0
1082	0	288	0	0	0
1083	0	288	0	0	0
1084	0	288	0	0	0
1085	0	288	0	0	0
1086	0	288	0	0	0
1087	0	288	0	0	0
1088	0	288	0	0	0
1089	0	288	0	0	0
1090	0	288	0	0	0
1091	0	288	0	0	0
1092	0	288	0	0	0
1093	0	288	0	0	0
1094	0	288	0	0	0
1095	0	288	0	0	0
1096	0	288	0	0	0
1097	0	288	0	0	0
1098	0	288	0	0	0
1099	0	288	0	0	0
1100	0	288	0	0	0
1101	0	288	0	0	0
1102	0	288	0	0	0
1103	0	288	0	0	0
1104	0	288	0	0	0
1105	0	288	0	0	0
1106	0	288	0	0	0
1107	0	288	0	0	0
1108	0	288	0	0	0
1109	0	288	0	0	0
1110	0	288	0	0	0
1111	0	288	0	0	0
1112	0	288	0	0	0
1113	0	288	0	0	0
1114	0	288	0	0	0
1115	0	288	0	0	0
1116	0	288	0	0	0
1117	0	288	0	0	0
1118	0	288	0	0	0
1119	0	288	0	0	0
1120	0	288	0	0	0
1121	200	156	4	16	0
1122	199	156	4	16	0
1123	199	156	4	16	0
1124	199	156	4	18	0
1125	199	156	4	18	0
1126	198	157	4	18	0
1127	197	157	4	18	0
1128	197	157	4	18	0
1129	196	157	4	18	0
1130	196	157	4	18	0
1131	196	157	4	18	0
1132	196	157	4	18	0
1133	195	157	4	18	0
1134	195	157	4	18	0
1135	194	157	4	18	0
1136	194	157	4	18	0
1137	194	157	4	18	0
1138	193	157	4	18	0
1139	193	157	4	18	0
1140	192	157	4	18	0
1141	192	157	4	18	0
1142	192	157	4	18	0
1143	192	157	4	18	0
1144	191	157	4	18	0
1145	190	157	4	18	0
1146	190	157	4	18	0
1147	189	157	4	18	0
1148	190	156	4	18	0
1149	190	156	4	18	0
1150	189	156	4	18	0
1151	189	156	4	18	0
1152	189	156	4	18	0
1153	189	156	4	18	0
1154	187	156	4	18	0
1155	187	156	4	18	0
1156	187	156	4	18	0
1157	187	156	4	18	0
1158	186	156	4	18	0
1159	186	156	4	18	0
1160	186	156	4	18	0
1161	185	156	4	18	0
1162	185	156	4	18	0
1163	185	156	4	18	0
1164	184	156	4	18	0
1165	183	156	4	18	0
1166	183	156	4	18	0
1167	182	156	4	18	0
1168	183	156	4	18	0
1169	183	156	4	18	0
1170	183	156	4	18	0
1171	183	156	4	18	0
1172	183	156	4	18	0
1173	182	156	4	18	0
1174	181	156	4	18	0
1175	181	156	4	18	0
1176	181	156	4	18	0
1177	181	156	4	18	0
1178	180	156	4	18	0
1179	180	155	4	18	0
1180	180	155	4	18	0
1181	180	155	4	18	0
1182	179	155	4	18	0
1183	179	155	4	18	0
1184	179	155	4	18	0
1185	179	154	4	18	0
1186	179	154	4	18	0
1187	178	154	4	18	0
1188	178	154	4	18	0
1189	178	154	4	18	0
1190	177	154	4	18	0
1191	177	154	4	18	0
1192	177	154	4	18	0
1193	176	154	4	18	0
1194	176	154	4	18	0
1195	175	154	4	18	0
1196	175	154	4	18	0
1197	174	154	4	18	0
1198	174	154	4	18	0
1199	174	154	4	18	0
1200	174	154	4	18	0
1201	173	154	4	18	0
1202	173	154	4	18	0
1203	173	154	4	18	0
1204	173	154	4	18	0
1205	172	154	4	18	0
1206	172	154	4	18	0
1207	172	154	4	18	0
1208	171	154	4	18	0
1209	170	154	4	18	0
1210	169	154	4	18	0
1211	169	154	4	18	0
1212	167	154	4	18	0
1213	168	154	4	18	0
1214	167	154	4	18	0
1215	166	154	4	18	0
1216	166	154	4	18	0
1217	166	154	4	18	0
1218	166	154	4	18	0
1219	165	154	4	18	0
1220	164	154	4	18	0
1221	163	154	4	18	0
1222	165	154	4	18	0
1223	165	153	4	18	0
1224	165	153	4	18	0
1225	165	153	4	18	0
1226	164	153	4	18	0
1227	164	153	4	18	0
1228	163	153	4	18	0
1229	163	153	4	18	0
1230	163	153	4	18	0
1231	163	153	4	18	0
1232	163	153	4	18	0
1233	162	153	4	18	0
1234	161	153	4	18	0
1235	161	153	4	18	0
1236	160	153	4	18	0
1237	160	153	4	18	0
1238	158	151	4	18	0
1239	158	151	4	18	0
1240	158	151	4	18	0
1241	157	151	4	18	0
1242	157	151	4	18	0
1243	157	151	4	18	0
1244	157	151	4	18	0
1245	157	151	4	18	0
1246	157	151	4	18	0
1247	156	151	4	18	0
1248	156	151	4	18	0
1249	156	151	4	18	0
1250	156	151	4	18	0
1251	155	151	4	18	0
1252	155	151	4	18	0
1253	155	151	4	18	0
1254	155	151	4	18	0
1255	155	151	4	18	0
1256	154	151	4	18	0
1257	153	151	4	18	0
1258	152	151	4	18	0
1259	152	151	4	18	0
1260	152	151	4	18	0
1261	152	151	4	18	0
1262	151	151	4	18	0
1263	151	151	4	18	0
1264	151	151	4	18	0
1265	151	151	4	18	0
1266	151	151	4	18	0
1267	151	151	4	18	0
1268	151	151	4	18	0
1269	150	151	4	18	0
1270	150	151	4	18	0
1271	150	151	4	18	0
1272	150	151	4	18	0
1273	150	151	4	18	0
1274	150	151	4	18	0
1275	150	151	4	18	0
1276	149	151	4	18	0
1277	149	151	4	18	0
1278	149	151	4	18	0
1279	149	151	4	18	0
1280	149	151	4	18	0
1281	148	151	4	18	0
1282	148	151	4	18	0
1283	148	151	4	18	0
1284	148	151	4	18	0
1285	148	151	4	18	0
1286	148	151	4	18	0
1287	147	151	4	18	0
1288	147	151	4	18	0
1289	147	151	4	18	0
1290	147	151	4	18	0
1291	147	151	4	18	0
1292	147	151	4	18	0
1293	147	151	4	18	0
1294	147	151	4	18	0
1295	147	150	4	18	0
1296	147	150	4	18	0
1297	147	150	4	18	0
1298	147	149	4	18	0
1299	147	149	4	18	0
1300	147	149	4	18	0
1301	147	149	4	18	0
1302	147	149	4	18	0
1303	147	148	4	18	0
1304	147	148	4	18	0
1305	147	148	4	18	0
1306	147	148	4	18	0
1307	147	148	4	18	0
1308	147	148	4	18	0
1309	146	148	4	18	0
1310	146	148	4	18	0
1311	145	148	4	18	0
1312	144	148	4	18	0
1313	144	148	4	18	0
1314	144	148	4	18	0
1315	144	148	4	18	0
1316	144	148	4	18	0
1317	143	148	4	18	0
1318	143	148	4	18	0
1319	143	148	4	18	0
1320	143	147	4	18	0
1321	143	146	4	18	0
1322	143	146	4	18	0
1323	142	145	4	18	0
1324	142	145	4	18	0
1325	142	145	4	18	0
1326	142	145	4	18	0
1327	142	145	4	18	0
1328	142	146	4	14	0
1329	142	146	4	14	0
1330	142	146	4	14	0
1331	142	146	4	14	0
1332	142	146	4	14	0
1333	142	146	4	14	0
1334	142	146	4	14	0
1335	141	146	4	14	0
1336	141	146	4	14	0
1337	141	146	4	14	0
1338	141	146	4	14	0
1339	141	146	4	14	0
1340	141	146	4	14	0
1341	141	146	4	14	0
1342	140	146	4	14	0
1343	140	146	4	14	0
1344	140	146	4	14	0
1345	140	146	4	14	0
1346	140	146	4	14	0
1347	140	146	4	14	0
1348	140	146	4	14	0
1349	140	146	4	14	0
1350	140	146	4	14	0
1351	140	146	4	14	0
1352	140	146	4	14	0
1353	140	146	4	14	0
1354	140	146	4	14	0
1355	139	146	4	14	0
1356	139	146	4	14	0
1357	138	146	4	14	0
1358	138	145	4	14	0
1359	138	144	4	14	0
1360	138	144	4	14	0
1361	138	144	4	14	0
1362	138	144	4	14	0
1363	138	144	4	14	0
1364	138	144	4	14	0
1365	138	144	4	14	0
1366	138	144	4	14	0
1367	138	144	4	14	0
1368	138	144	4	14	0
1369	138	144	4	14	0
1370	138	144	4	14	0
1371	138	144	4	14	0
1372	137	144	4	14	0
1373	137	144	4	14	0
1374	137	144	4	14	0
1375	137	144	4	14	0
1376	137	143	4	14	0
1377	137	142	4	14	0
1378	137	142	4	14	0
1379	137	142	4	14	0
1380	137	142	4	14	0
1381	137	142	4	14	0
1382	137	142	4	14	0
1383	137	142	4	14	0
1384	137	142	4	14	0
1385	137	142	4	14	0
1386	137	142	4	14	0
1387	137	142	4	14	0
1388	137	142	4	14	0
1389	137	142	4	14	0
1390	137	142	4	14	0
1391	136	142	4	14	0
1392	136	142	4	14	0
1393	136	142	4	14	0
1394	136	142	4	14	0
1395	135	142	4	14	0
1396	135	142	4	14	0
1397	135	142	4	14	0
1398	135	142	4	14	0
1399	135	142	4	14	0
1400	135	142	4	14	0
1401	135	142	4	14	0
1402	135	142	4	14	0
1403	135	142	4	14	0
1404	135	142	4	14	0
1405	135	142	4	14	0
1406	135	142	4	14	0
1407	135	142	4	14	0
1408	135	142	4	14	0
1409	135	142	4	14	0
1410	135	142	4	14	0
1411	135	142	4	14	0
1412	135	142	4	14	0
1413	135	142	4	14	0
1414	135	142	4	14	0
1415	135	142	4	14	0
1416	135	142	4	14	0
1417	134	142	4	14	0
1418	134	142	4	14	0
1419	134	142	4	14	0
1420	134	141	4	14	0
1421	134	141	4	14	0
1422	134	140	4	14	0
1423	134	140	4	14	0
1424	134	140	4	14	0
1425	134	140	4	14	0
1426	134	140	4	14	0
1427	134	140	4	14	0
1428	134	140	4	14	0
1429	133	140	4	14	0
1430	133	140	4	14	0
1431	133	140	4	14	0
1432	133	140	4	14	0
1433	133	140	4	14	0
1434	133	140	4	14	0
1435	133	140	4	14	0
1436	133	140	4	14	0
1437	133	140	4	14	0
1438	133	140	4	14	0
1439	133	140	4	14	0
1440	133	140	4	14	0
1441	133	140	4	14	0
1442	133	140	4	14	0
1443	133	140	4	14	0
1444	133	140	4	14	0
1445	133	140	4	14	0
1446	132	140	4	14	0
1447	132	140	4	14	0
1448	132	140	4	14	0
1449	132	139	4	14	0
1450	132	139	4	14	0
1451	132	138	4	14	0
1452	132	138	4	14	0
1453	132	138	4	14	0
1454	131	138	4	14	0
1455	131	138	4	14	0
1456	131	138	4	14	0
1457	131	138	4	14	0
1458	131	138	4	14	0
1459	131	138	4	14	0
1460	131	138	4	14	0
1461	131	138	4	14	0
1462	131	138	4	14	0
1463	131	138	4	14	0
1464	130	138	4	14	0
1465	130	138	4	14	0
1466	130	138	4	14	0
1467	130	138	4	14	0
1468	130	138	4	14	0
1469	129	138	4	14	0
1470	129	138	4	14	0
1471	129	138	4	14	0
1472	129	138	4	14	0
1473	129	138	4	14	0
1474	129	138	4	14	0
1475	129	138	4	14	0
1476	129	138	4	14	0
1477	128	138	4	14	0
1478	128	138	4	14	0
1479	128	138	4	14	0
1480	128	138	4	14	0
1481	128	138	4	14	0
1482	128	138	4	14	0
1483	129	138	4	14	0
1484	129	138	4	14	0
1485	129	138	4	14	0
1486	129	138	4	14	0
1487	128	138	4	14	0
1488	128	138	4	14	0
1489	128	138	4	14	0
1490	128	138	4	14	0
1491	127	138	4	14	0
1492	127	138	4	14	0
1493	127	137	4	14	0
1494	127	137	4	14	0
1495	127	137	4	14	0
1496	127	137	4	14	0
1497	127	137	4	14	0
1498	127	137	4	14	0
1499	127	137	4	14	0
1500	127	137	4	14	0
1501	127	137	4	14	0
1502	127	137	4	14	0
1503	126	137	4	14	0
1504	126	137	4	14	0
1505	126	137	4	14	0
1506	126	137	4	14	0
1507	126	137	4	14	0
1508	126	137	4	14	0
1509	126	137	4	14	0
1510	126	137	4	14	0
1511	126	137	4	14	0
1512	126	137	4	14	0
1513	126	137	4	14	0
1514	126	137	4	14	0
1515	126	137	4	14	0
1516	126	136	4	14	0
1517	126	136	4	14	0
1518	126	136	4	14	0
1519	126	136	4	14	0
1520	126	136	4	14	0
1521	126	136	4	14	0
1522	126	136	4	14	0
1523	126	136	4	14	0
1524	126	136	4	14	0
1525	126	136	4	14	0
1526	126	136	4	14	0
1527	126	136	4	14	0
1528	126	136	4	14	0
1529	126	136	4	14	0
1530	126	136	4	14	0
1531	126	136	4	14	0
1532	125	136	4	14	0
1533	125	136	4	14	0
1534	125	136	4	14	0
1535	125	136	4	14	0
1536	125	136	4	14	0
1537	125	136	4	14	0
1538	125	136	4	14	0
1539	125	136	4	14	0
1540	125	136	4	14	0
1541	125	136	4	14	0
1542	125	136	4	14	0
1543	125	136	4	14	0
1544	125	136	4	14	0
1545	125	136	4	14	0
1546	125	136	4	14	0
1547	125	136	4	14	0
1548	125	136	4	14	0
1549	125	136	4	14	0
1550	125	136	4	14	0
1551	125	136	4	14	0
1552	125	136	4	14	0
1553	125	136	4	14	0
1554	125	136	4	14	0
1555	125	136	4	14	0
1556	125	136	4	14	0
1557	124	136	4	14	0
1558	124	136	4	14	0
1559	124	136	4	14	0
1560	125	136	4	14	0
1561	125	136	4	14	0
1562	125	136	4	14	0
1563	125	136	4	14	0
1564	125	136	4	14	0
1565	125	136	4	14	0
1566	125	136	4	14	0
1567	124	136	4	14	0
1568	124	136	4	14	0
1569	124	136	4	14	0
1570	124	136	4	14	0
1571	124	136	4	14	0
1572	124	136	4	14	0
1573	124	136	4	14	0
1574	124	136	4	14	0
1575	124	136	4	14	0
1576	124	136	4	14	0
1577	124	136	4	14	0
1578	124	136	4	14	0
1579	124	136	4	14	0
1580	124	136	4	14	0
1581	124	136	4	14	0
1582	124	136	4	14	0
1583	124	136	4	14	0
1584	124	135	4	14	0
1585	124	135	4	14	0
1586	124	135	4	14	0
1587	124	135	4	14	0
1588	124	135	4	14	0
1589	124	135	4	14	0
1590	124	135	4	14	0
1591	124	135	4	14	0
1592	123	135	4	14	0
1593	123	135	4	14	0
1594	123	135	4	14	0
1595	123	135	4	14	0
1596	123	135	4	14	0
1597	122	135	4	14	0
1598	122	135	4	14	0
1599	122	135	4	14	0
1600	122	135	4	14	0
1601	122	135	4	14	0
1602	122	135	4	14	0
1603	122	135	4	14	0
1604	122	135	4	14	0
1605	122	135	4	14	0
1606	122	135	4	14	0
1607	122	135	4	14	0
1608	122	135	4	14	0
1609	122	135	4	14	0
1610	122	135	4	14	0
1611	122	135	4	14	0
1612	122	135	4	14	0
1613	122	135	4	14	0
1614	122	135	4	14	0
1615	122	134	4	14	0
1616	122	134	4	14	0
1617	122	134	4	14	0
1618	122	134	4	14	0
1619	122	134	4	14	0
1620	121	134	4	14	0
1621	121	134	4	14	0
1622	121	134	4	14	0
1623	121	134	4	14	0
1624	121	134	4	14	0
1625	121	134	4	14	0
1626	122	134	4	14	0
1627	122	134	4	14	0
1628	122	134	4	14	0
1629	122	134	4	14	0
1630	122	134	4	14	0
1631	122	134	4	14	0
1632	122	134	4	14	0
1633	122	134	4	14	0
1634	122	134	4	14	0
1635	122	134	4	14	0
1636	122	134	4	14	0
1637	122	134	4	14	0
1638	122	134	4	14	0
1639	122	134	4	14	0
1640	122	134	4	14	0
1641	122	134	4	14	0
1642	122	134	4	14	0
1643	122	134	4	14	0
1644	122	134	4	14	0
1645	122	134	4	14	0
1646	122	134	4	14	0
1647	122	134	4	14	0
1648	122	134	4	14	0
1649	122	134	2	12	0
1650	122	134	2	12	0
1651	122	134	2	12	0
1652	122	134	2	12	0
1653	122	134	2	12	0
1654	122	134	2	12	0
1655	122	134	2	12	0
1656	122	134	2	12	0
1657	122	134	2	12	0
1658	122	134	2	12	0
1659	122	134	2	12	0
1660	122	134	2	12	0
1661	122	134	2	12	0
1662	122	134	2	12	0
1663	122	134	2	12	0
1664	122	134	2	12	0
1665	122	134	2	12	0
1666	122	134	2	12	0
1667	122	134	2	12	0
1668	122	134	2	12	0
1669	122	134	2	12	0
1670	122	134	2	12	0
1671	122	134	2	12	0
1672	122	134	2	12	0
1673	122	134	2	12	0
1674	122	134	2	12	0
1675	122	134	2	12	0
1676	121	134	2	12	0
1677	121	134	2	12	0
1678	121	134	2	12	0
1679	121	134	2	12	0
1680	121	134	2	12	0
1681	121	134	2	12	0
1682	121	134	2	12	0
1683	121	134	2	12	0
1684	121	134	2	12	0
1685	121	134	2	12	0
1686	121	134	2	12	0
1687	121	133	2	12	0
1688	121	133	2	12	0
1689	121	133	2	12	0
1690	121	133	2	12	0
1691	121	133	2	12	0
1692	121	133	2	12	0
1693	121	133	2	12	0
1694	121	133	2	12	0
1695	121	133	2	12	0
1696	121	133	2	12	0
1697	121	133	2	12	0
1698	121	133	2	12	0
1699	121	133	2	12	0
1700	121	133	2	12	0
1701	121	133	2	12	0
1702	121	133	2	12	0
1703	121	133	2	12	0
1704	121	133	2	12	0
1705	121	133	2	12	0
1706	121	133	2	12	0
1707	121	133	2	12	0
1708	121	133	2	12	0
1709	121	133	2	12	0
1710	121	133	2	12	0
1711	121	133	2	12	0
1712	121	133	2	12	0
1713	121	133	2	12	0
1714	121	133	2	12	0
1715	121	132	2	12	0
1716	121	132	2	12	0
1717	121	132	2	12	0
1718	121	132	2	12	0
1719	121	132	2	12	0
1720	121	131	2	12	0
1721	121	131	2	12	0
1722	121	131	2	12	0
1723	121	131	2	12	0
1724	121	131	2	12	0
1725	121	131	2	12	0
1726	121	131	2	12	0
1727	121	131	2	12	0
1728	121	131	2	12	0
1729	121	131	2	12	0
1730	121	131	2	12	0
1731	121	131	2	12	0
1732	121	132	2	12	0
1733	121	132	2	12	0
1734	121	132	2	12	0
1735	121	132	2	12	0
1736	121	132	2	12	0
1737	121	132	2	12	0
1738	121	132	2	12	0
1739	121	132	2	12	0
1740	121	132	2	12	0
1741	121	132	2	12	0
1742	121	132	2	12	0
1743	121	132	2	12	0
1744	121	132	2	12	0
1745	121	132	2	12	0
1746	121	132	2	12	0
1747	121	132	2	12	0
1748	121	132	2	12	0
1749	121	132	2	12	0
1750	121	132	2	12	0
1751	121	132	2	12	0
1752	121	132	2	12	0
1753	121	132	2	12	0
1754	121	132	2	12	0
1755	121	132	2	12	0
1756	121	131	2	12	0
1757	121	131	2	12	0
1758	121	131	2	12	0
1759	121	130	2	12	0
1760	121	130	2	12	0
1761	121	130	2	12	0
1762	121	130	2	12	0
1763	121	130	2	12	0
1764	121	130	2	12	0
1765	121	130	2	12	0
1766	121	130	2	12	0
1767	121	130	2	12	0
1768	121	130	2	12	0
1769	121	130	2	12	0
1770	121	130	2	12	0
1771	123	130	2	12	0
1772	123	130	2	12	0
1773	123	130	2	12	0
1774	123	130	2	12	0
1775	123	130	2	12	0
1776	123	130	2	12	0
1777	123	130	2	12	0
1778	123	130	2	12	0
1779	123	130	2	12	0
1780	123	130	2	12	0
1781	123	130	2	12	0
1782	123	130	2	12	0
1783	123	130	2	12	0
1784	123	130	2	12	0
1785	123	130	2	12	0
1786	123	130	2	12	0
1787	123	130	2	12	0
1788	123	130	2	12	0
1789	123	130	2	12	0
1790	123	130	2	12	0
1791	123	130	2	12	0
1792	123	130	2	12	0
1793	123	130	2	12	0
1794	123	130	2	12	0
1795	123	130	2	12	0
1796	123	130	2	12	0
1797	123	130	2	12	0
1798	123	130	2	12	0
1799	123	130	2	12	0
1800	123	130	2	12	0
1801	123	130	2	12	0
1802	125	130	2	12	0
1803	125	130	2	12	0
1804	125	130	2	12	0
1805	125	130	2	12	0
1806	125	130	2	12	0
1807	125	130	2	12	0
1808	125	130	2	12	0
1809	126	130	2	12	0
1810	126	130	2	12	0
1811	126	130	2	12	0
1812	126	130	2	12	0
1813	126	130	2	12	0
1814	126	130	2	12	0
1815	125	130	2	12	0
1816	125	130	2	12	0
1817	125	130	2	12	0
1818	126	130	2	12	0
1819	126	130	2	12	0
1820	126	130	2	12	0
1821	126	130	2	12	0
1822	126	130	2	12	0
1823	126	130	2	12	0
1824	126	130	2	12	0
1825	126	130	2	12	0
1826	126	130	2	12	0
1827	126	130	2	12	0
1828	126	130	2	12	0
1829	126	130	2	12	0
1830	126	130	2	12	0
1831	126	130	2	12	0
1832	126	130	2	12	0
1833	126	130	2	12	0
1834	126	129	2	12	0
1835	126	129	2	12	0
1836	127	129	2	12	0
1837	127	129	2	12	0
1838	127	129	2	12	0
1839	127	129	2	12	0
1840	128	129	2	12	0
1841	129	129	2	12	0
1842	129	129	2	12	0
1843	129	129	2	12	0
1844	129	129	2	12	0
1845	129	129	2	12	0
1846	129	129	2	12	0
1847	129	129	2	12	0
1848	129	129	2	12	0
1849	129	129	2	12	0
1850	129	129	2	12	0
1851	129	129	2	12	0
1852	129	129	2	12	0
1853	129	129	2	12	0
1854	129	129	2	12	0
1855	130	129	2	12	0
1856	130	129	2	12	0
1857	130	129	2	12	0
1858	130	129	2	12	0
1859	130	129	2	12	0
1860	130	129	2	12	0
1861	130	129	2	12	0
1862	130	129	2	12	0
1863	130	129	2	12	0
1864	130	129	2	12	0
1865	130	129	2	12	0
1866	130	129	2	12	0
1867	130	129	2	12	0
1868	130	129	2	12	0
1869	130	129	2	12	0
1870	130	129	2	12	0
1871	130	129	2	12	0
